0 0.39604303739654256 0.46335241023009555 0.025999973344999462 0.08608294574527395
0 0.5676367740690423 0.5053257659108775 0.02910679201145392 0.08453862646343317
0 0.6951077934038604 0.5155224016458886 0.02936133068109008 0.10641362646343318
0 0.34690665073995114 0.5378620517206434 0.026345418682362974 0.11577044574527377
0 0.7417742554105419 0.5644729860530399 0.030832924013363083 0.0986102168225127
0 0.5668106180776328 0.5686161062699571 0.029579506683635515 0.12516362646343318
0 0.4148941294159507 0.6062211662802197 0.04226132001909004 0.14086134933607006
0 0.5204265140833598 0.6110763170423456 0.03873633068109008 0.10646816861791067
0 0.31184185475013254 0.6130711299794745 0.03143290802036267 0.1501727168225127
0 0.6853520800843143 0.6171485341594459 0.03141472668681722 0.1486102168225127
0 0.5838441240849507 0.622426907499621 0.03615677068745349 0.15332498789975163
0 0.3556560367599957 0.685477395104785 0.05319882001909004 0.14092498184962743