0 0.5195684703053237 0.5833044092370823 0.048039546463409265 0.2237300259189814
0 0.3192355478719219 0.5932187770502771 0.04641869665368965 0.1457417269557407
0 0.46869437840426953 0.6196233265791657 0.041569370569966325 0.17956992280870362
0 0.6510930429290059 0.6457735978799987 0.047246367604216744 0.1660542269557407
0 0.3634975424347144 0.6229643571162956 0.053305366615633606 0.1619135311027776
0 0.518060367035563 0.6780407107922212 0.04176037155854946 0.18425742280870364
0 0.07780278156029949 0.6497156189444906 0.06395370653952137 0.1939837373233333
0 0.8316016022068154 0.7760351707359706 0.07409271049385424 0.21355394354388882
0 0.27095060368969015 0.7199282485393976 0.06430653361182799 0.1644329383600926
0 0.6581176812562883 0.7812422061740728 0.05757637254713259 0.19031193317629622
0 0.5998303373780678 0.8263209688507395 0.08729304745199222 0.23183505183796277
0 0.06901407749223605 0.8269226679077313 0.09137305239490826 0.2555459539114814