0 0.61484375 0.44263955629782953 0.0578125 0.15033634328594586
0 0.42421875 0.4548117824901162 0.065625 0.133194295081344
0 0.67265625 0.4718821495837754 0.046875 0.15808521077238852
0 0.82109375 0.5024332336963392 0.05 0.1721658914905479
0 0.56875 0.4986213907049809 0.05625 0.16595225292686636
0 0.95234375 0.565696823859027 0.065625 0.16756929508134383
0 0.78515625 0.6061304054375078 0.053125 0.21124657220870696
0 0.671875 0.6257838544042356 0.0515625 0.23467498184962743
0 0.26640625 0.6054561562230749 0.0484375 0.22215680113146802
0 0.44765625 0.6619793878763105 0.0640625 0.2331852047222643
0 0.73046875 0.7011247428697212 0.08125 0.23328519867214012
0 0.36171875 0.6903856681269315 0.0703125 0.13322156615858277