0 0.5370356970617346 0.4274628673226787 0.0763913337461151 0.16646330290255767
0 0.5660896503287223 0.46513648211346864 0.07624578453190338 0.16333830290255769
0 0.29871590570540574 0.38482146641955406 0.10207623035529281 0.08156251324684387
0 0.5379111463997809 0.47975205362034784 0.09161822745980874 0.1919543762235353
0 0.22233965032872227 0.4531324676006804 0.09310795285270287 0.19044643992586624
0 0.3094779313459689 0.4819147212288774 0.11592902274507902 0.21152283175849823
0 0.24801389247083944 0.48522820498680863 0.10299237510244393 0.20171132213985138
0 0.27732040280992165 0.4948313834799295 0.11236737510244392 0.20203870435383653
0 0.7917746627347191 0.6719123048862923 0.11970468610347992 0.15861608656782167
0 0.6247305578961548 0.6356598024392215 0.13292812406898663 0.10759922359113006
0 0.6082365707164364 0.6834425380112512 0.14045814185166688 0.235778787293461