0 0.61171875 0.46760249131805687 0.0578125 0.10425516046291676
0 0.4 0.4344947005809005 0.0609375 0.10283820967712849
0 0.46171875 0.4503701036002191 0.0671875 0.10000430810555194
0 0.25859375 0.4676433025239806 0.071875 0.13147263192686937
0 0.73828125 0.6101452481424824 0.065625 0.1171190334984459
0 0.55078125 0.5626282009951853 0.06875 0.12351458271265763
0 0.49375 0.569971974154549 0.1078125 0.26283394789030423
0 0.62265625 0.6147493190683159 0.0609375 0.11690070967712848
0 0.553125 0.6156440390845266 0.10625 0.17213617328319836
0 0.32734375 0.5714724698113229 0.084375 0.14767982878371627
0 0.6265625 0.6590986325505511 0.071875 0.14709763192686937