0 0.29806777781473415 0.4716564062479405 0.08647383118569749 0.09368754464226861
0 0.39594674161218474 0.4350797524323367 0.09458631303532491 0.1453864123370204
0 0.4553762837666625 0.4267411469124496 0.1437328610435351 0.268106892044481
0 0.5297086632551576 0.40850539001259073 0.08826359016268785 0.13277731818121907
0 0.401810401351301 0.5015950965881381 0.1436146863754999 0.247794392044481
0 0.3735626815037262 0.5221979228870319 0.11984084308955403 0.18957278896022595
0 0.3288087177062755 0.5597018770269473 0.13254992134838534 0.2257284772718286
0 0.22239002518245546 0.7211421631477993 0.16861468637549998 0.2482307686676865
0 0.8284910760193359 0.4887282727215808 0.16862377673457943 0.24979326866768653
0 0.42665988954564027 0.6622013599808186 0.18746468032537572 0.26574555113509035
0 0.6587774979568966 0.6514077305149442 0.19240671037960516 0.3095773717519414