0 0.39886855357401774 0.40410861813399884 0.05341710064862317 0.10955427513842757
0 0.6280554472433517 0.49231522670727373 0.07254102191409721 0.2215932001845701
0 0.41161224107484157 0.5253723488556673 0.06294783360249454 0.20849242288667433
0 0.6005110998411395 0.5468630243632353 0.07895466314779931 0.2313687183831675
0 0.8694383778443168 0.5539290569029185 0.06768988068039547 0.21191781153562222
0 0.515863364451636 0.5570810286821719 0.08289786931630942 0.278443977482466
0 0.348348581984232 0.5651171668696946 0.08046261606989864 0.22834384793281667
0 0.9575735775200052 0.6127614412329297 0.0697433043815014 0.2401429410852714
0 0.41264113271558067 0.6904664227297908 0.09816831330995512 0.25913277297895937
0 0.6241144208650276 0.7180964767072737 0.07114216314779931 0.23086807063492074
0 0.9228967942418222 0.7622712854651187 0.08583195454365722 0.2677067365817646
0 0.37750069927524194 0.8545540981635295 0.13972061363426658 0.29089180367294104