0 0.6464722643268326 0.4829088800922685 0.03119500569998319 0.1112102200031817
0 0.46707434143035476 0.487858367401315 0.05117972376899793 0.10675907733927233
0 0.39723173499373743 0.5026833887253155 0.03577324505632147 0.10970226400381797
0 0.28316388115501007 0.5349771733768162 0.02880197921687966 0.14396817600254544
0 0.5879717134543124 0.5815276460852689 0.07211493664223276 0.13822725334181776
0 0.7839179979831876 0.5970997441119948 0.05260011213660061 0.12707157733927232
0 0.521308737339526 0.5956077800763602 0.045148245056321555 0.10981135200509051
0 0.6579182266958641 0.5987611467615865 0.04980289406758587 0.1317227146721816
0 0.4480679792937542 0.6143026887332697 0.05423902179152655 0.15050907733927232
0 0.6276026599839022 0.6633049047580867 0.07298902179152655 0.15072725334181775
0 0.5004392264437627 0.6704259667409056 0.053736277239408284 0.1879727146721816
0 0.5708227822599613 0.6814094674172233 0.056926979216879656 0.1442954400063634