0 0.354928034378569 0.40859375 0.06029925546001173 0.1453125
0 0.5583721566485631 0.48125 0.047193219704317 0.1953125
0 0.1472593134663041 0.49296875 0.07107725879399167 0.1625
0 0.7499698542229687 0.5171875 0.05379416394474283 0.1421875
0 0.368783627101786 0.51640625 0.06323280788560606 0.18125
0 0.5229769195254408 0.53203125 0.03982725879399176 0.1625
0 0.8278080696752219 0.578125 0.06460386031120038 0.2171875
0 0.745856568008232 0.58671875 0.049808036673778845 0.1890625
0 0.40598099603780025 0.60625 0.075318219704317 0.1953125
0 0.32431653679446504 0.63046875 0.08462931788754577 0.2328125
0 0.5252094860358606 0.6578125 0.05615363152302777 0.209375
0 0.26444771603198125 0.7609375 0.07120454667571838 0.240625