0 0.5593018422296041 0.3037663638071771 0.08481269586563336 0.15968664976444433
0 0.6012087399778506 0.2923312863330568 0.10592623226282818 0.1739637632423146
0 0.43513435456810523 0.37444859363763977 0.09408756631598418 0.15894435598499984
0 0.28211068168143105 0.4468785426481488 0.08064682757475108 0.11892494872768503
0 0.5631790114156505 0.3523699591417604 0.07932415946843889 0.14677654665416648
0 0.23687972239756228 0.5223077696038894 0.1194485117201923 0.1425182736099071
0 0.6775919648394231 0.3369220334583347 0.09100213911037329 0.18353425287472208
0 0.49330899753598983 0.44859970164888985 0.07782221622369914 0.1233390466541664
0 0.32530187230527724 0.5487541094718524 0.11766476866002265 0.18742067049962935
0 0.8109458829457352 0.353222393778659 0.12199132325581452 0.20644407257314795
0 0.5985879804171267 0.46657943063088086 0.09206399136212653 0.17585845391148122
0 0.41927311536544687 0.5855911451927787 0.13296839605020364 0.23226427879370348