0 0.6213524568198586 0.4453001864673052 0.0739753254152827 0.15692461179556502
0 0.6585823465485408 0.46304324717441114 0.09342623226282817 0.1685168762235353
0 0.48792868754152713 0.4257639580668515 0.08315006631598401 0.15412699400955035
0 0.33290002853451356 0.3890303059826006 0.07283432757475108 0.11479167549789597
0 0.5973549498800284 0.4898760764858386 0.06848678901808825 0.14426092068857238
0 0.25700935456810525 0.42474706197305034 0.1114357526208936 0.13328870435383652
0 0.6920876565430035 0.5511260897326825 0.07557739820967199 0.18192461179556502
0 0.49079526681432134 0.5276538402808366 0.07000971622369896 0.11937004809323426
0 0.3090841918604638 0.5040823871081266 0.1050646391103733 0.1798363221398514
0 0.7835358744647455 0.651411321128361 0.10792882325581435 0.20020338584218217
0 0.5613697802325566 0.6115501798438832 0.07820175046142541 0.17422123920022692
0 0.3602578632059785 0.5974802122432028 0.11588102559985299 0.22698414065150557