0 0.6137833545548146 0.4376413292666113 0.06198162697434615 0.14170901000193972
0 0.33297013982288604 0.48153575304411583 0.07763178299298641 0.22528678454774678
0 0.37857863774829364 0.4813283300155173 0.08939807718412762 0.23711710485118864
0 0.6383321460466634 0.5182534715404847 0.05317531203728052 0.16894118969849786
0 0.4229789105688105 0.5281872256233706 0.10897687137526865 0.24958515394280312
0 0.19224912882522394 0.5439405450087286 0.08804721950581333 0.15781224212409234
0 0.6026897213566912 0.5632950335089768 0.09152741701630233 0.16275483363936125
0 0.054925804965088684 0.5822541327309757 0.0774649170163024 0.16160692182065048
0 0.31950944583688196 0.5865580928923949 0.07178360207923688 0.18909419303247788
0 0.10433288649889379 0.6460294613693671 0.08764540041956285 0.1934946506088231
0 0.3155421510210409 0.6907832072864812 0.07273079544054104 0.2015941930324779
0 0.5581314701072912 0.7467453912351033 0.0913623962703781 0.20156224212409235