0 0.7 0.3503327374283593 0.0796875 0.19467724801081765
0 0.3453125 0.4079243247135433 0.0890625 0.26666133601209036
0 0.66328125 0.4788117260900413 0.10625 0.38561133068109027
0 0.40703125 0.48911123738858836 0.1171875 0.2841761000159083
0 0.52890625 0.5084981314051331 0.075 0.3243102040101814
0 0.04453125 0.4575494180060452 0.0890625 0.30884883601209034
0 0.58671875 0.5380770907463145 0.1359375 0.4187692760184536
0 0.471875 0.5390845127307242 0.084375 0.29785679201145393
0 0.42578125 0.6330794133911337 0.125 0.3483295066836357
0 0.1375 0.6195687073519991 0.125 0.3405170066836355
0 0.61953125 0.7595526487507688 0.196875 0.35385334802672597
0 0.32578125 0.8053533080442253 0.1859375 0.38028857869190774