0 0.6001299229648744 0.3944560911366025 0.06976335475263547 0.10500176051544959
0 0.41448819471370435 0.5075303804848674 0.07282468775644109 0.1036030348257091
0 0.473625772774594 0.47937772501237197 0.0774485207602467 0.10228619629109836
0 0.32760230144350616 0.6232582790599579 0.08647069368794007 0.13238313206674696
0 0.7944356798849567 0.41715552747807816 0.0796476907221905 0.11799308344622812
0 0.6171184461965791 0.5039572438955645 0.08302735870696801 0.12440685775648745
0 0.5781169545995362 0.5459300599289381 0.14150038638729717 0.25844102103089917
0 0.7083655287060932 0.495260595320474 0.07489652372599628 0.11618492198083885
0 0.6546476211014388 0.5411363393275803 0.12556236859279987 0.17341092378986112
0 0.4510371428502687 0.6551523309598373 0.10273236364988403 0.14882700361804452
0 0.7409207021280781 0.5256541022178791 0.09016869665368965 0.14660940637700648