0 0.615784288782438 0.342030066341242 0.07390224672063965 0.13360946757828512
0 0.23766701209732927 0.5227526184769722 0.06091092378986111 0.12321410151720862
0 0.4818740355030776 0.48163418452835016 0.07833744120271575 0.15886455909355418
0 0.7645327272716201 0.4107008337600475 0.08475785956551007 0.1329397878817268
0 0.5393523428300239 0.5004800372535069 0.05926653663473136 0.12152405575957417
0 0.6242662533909019 0.47393377058360747 0.08902263568479185 0.18462983363936125
0 0.47569595657940533 0.5284294361953401 0.08195376413349428 0.1684946506088231
0 0.27868151571537386 0.6166940660513779 0.08713258706427265 0.1782522878817268
0 0.754936399252459 0.4820974726999411 0.08548819990914289 0.17656224212409216
0 0.3702891615769309 0.6280464121085749 0.10135886137453216 0.18252519970043757
0 0.49960816937884706 0.6104288642249085 0.0909126843053107 0.19100737939699589
0 0.7517781789897854 0.6314277930033828 0.13267746042459247 0.2457585233378591