0 0.6147518205115488 0.273415154081769 0.13573210049533807 0.19834768801718106
0 0.3406744274170275 0.491199901376498 0.1670591832079958 0.26742495202099903
0 0.6489898875084407 0.40499241808558695 0.22066368031251163 0.3789260733609078
0 0.4356080918088857 0.5344691907224519 0.19776552770747777 0.28964539735836253
0 0.5493045647205804 0.49440835940481487 0.17392992142117158 0.3143544960216353
0 0.11205292948394212 0.6790613386775904 0.17520132299274804 0.30812267735518084
0 0.6140755401134745 0.49360038474695084 0.25834777088305216 0.4168442440324531
0 0.5158777886657325 0.5478964387332697 0.17298385152879536 0.2940419960216353
0 0.524696324645378 0.6534106420671333 0.22716623738460626 0.35089198002863514
0 0.27125245512450524 0.7777362906985894 0.2253126389561828 0.3446237986950894
0 0.7552571199306483 0.6748332980983136 0.29388285649119406 0.3750930960375438
0 0.5267062425518927 0.8270454000238626 0.28973901199171215 0.3459091999522748