0 0.7496807364248812 0.4377030645687772 0.07826230721668548 0.14923747867599957
0 0.44011716686969454 0.35295808394336625 0.10788925046142524 0.17300224267981754
0 0.5451341363325961 0.4056825472629123 0.09675149136212653 0.16974997334499947
0 0.7532854002122568 0.4939530645687773 0.10143899136212653 0.16980451734563573
0 0.31721059299557125 0.35047906862668365 0.10063795496493207 0.15730451734563583
0 0.502735885252862 0.42728537460218485 0.09821386181247735 0.168205654678545
0 0.3781271090347002 0.3982438592855022 0.09242493676633483 0.15096361067790856
0 0.18150363047249995 0.3434580039783647 0.11510097316352938 0.1637181493475448
0 0.7912638664359559 0.610786028564641 0.14777377081949084 0.13755563868554468
0 0.27506146822628386 0.4369710992998197 0.12062908235511305 0.20125451201463562
0 0.3445309639073472 0.5206006646244565 0.12239184145441176 0.20439769334818117
0 0.5256889312107805 0.6146581052673668 0.13531334361388012 0.16239200668363551