0 0.4318199024423336 0.519942938314898 0.04024222376899793 0.10682274431795716
0 0.3545636337529001 0.5423594549539895 0.04975933540139543 0.08670115909060953
0 0.21893213635079017 0.5626737293037187 0.04750842055068931 0.09914661201270895
0 0.5491330885803631 0.5272587861241473 0.040318633423924055 0.13023297077900686
0 0.4763840034310693 0.5410133689158629 0.03693155347041035 0.08179547077900687
0 0.8825847269479656 0.5011506590972001 0.06814870248167466 0.10418866801906326
0 0.4993626815233272 0.5694832422926576 0.049660782435188365 0.15224433847375848
0 0.16779597124798254 0.6244294354722288 0.06688113342392396 0.1306966209411627
0 0.4773730670409382 0.6049804115295367 0.03984873986054147 0.1458306972400564
0 0.6014607770641812 0.6270036416440344 0.0472241972858944 0.139717064934808
0 0.1448940667888366 0.684131717939633 0.04431771857321789 0.14278751785690744
0 0.11961020750222764 0.7555800239459874 0.06114458565349699 0.16024775324641088