0 0.4 0.41079734698799336 0.040625 0.13361613680346807
0 0.55859375 0.43409688104768607 0.0609375 0.1269867052052021
0 0.32734375 0.4096906023202524 0.028125 0.15163809471009326
0 0.42109375 0.42218216802056335 0.0375 0.1443716262801244
0 0.31484375 0.4464625602268776 0.0328125 0.15816111049510884
0 0.34140625 0.49175964967529906 0.0265625 0.19217208944842135
0 0.0890625 0.46456229991529535 0.0421875 0.15870714206513997
0 0.70859375 0.5889271361681836 0.0609375 0.1332367052052021
0 0.63046875 0.5843768730845911 0.1078125 0.08752936305535748
0 0.26171875 0.5628996313300347 0.0734375 0.1777147472985769
0 0.56171875 0.6209976415710298 0.065625 0.19913472099021767
0 0.31171875 0.6048742997035339 0.05625 0.19546368942018652