0 0.6330654380269497 0.30604671350914714 0.2063740626060225 0.41296133538669527
0 0.41828119701262434 0.4088368636944816 0.11805062867060609 0.25225695916315993
0 0.10469735744957782 0.47375993693064133 0.14975698565684775 0.31110616950744613
0 0.5014657192451428 0.42347477176918247 0.1188492368379741 0.2304365228654907
0 0.3508828766868715 0.45732643819658564 0.13338794119181055 0.33394346878180664
0 0.22568198004491613 0.48111362386128265 0.09644844718226028 0.25930556733052795
0 0.31385410264025443 0.487321473042976 0.13525797603820083 0.29811509618646853
0 0.19849943195168188 0.542740604623989 0.1389286130615095 0.3138492235911302
0 0.6527256296820964 0.5046305464487718 0.21639884863353914 0.29782740870767305
0 0.2357241242398008 0.6191319790334259 0.2019196863824871 0.33009427168436434
0 0.5057464475607785 0.6144817176854984 0.26843755298737565 0.4026438834799295