0 0.7254006121298282 0.28429325379783305 0.07033635771838505 0.11791667549789597
0 0.23279798216832184 0.4884995379264332 0.09412136760421674 0.16555556733052795
0 0.41481198612265446 0.47607892739681257 0.08229252965749527 0.14329862141421187
0 0.4818549060845984 0.4627728847458739 0.10142453163466154 0.15332838584218217
0 0.7584585098486507 0.37541925080260824 0.09530186562705048 0.15623513103285874
0 0.4274247326626134 0.49294896886662476 0.06915585969555131 0.12723711179556502
0 0.6094042445256115 0.4429737946346732 0.11580536661563343 0.16163195916315995
0 0.10772770349940974 0.6202629146981227 0.10882053756616061 0.1816716406515056
0 0.8173586659704302 0.4275472351935116 0.10537720258518846 0.17375001324684405
0 0.3127162924347144 0.6008209778522995 0.12476387254713259 0.19002977767481416
0 0.45657638038143594 0.5839385566155727 0.10476970752810466 0.19713294954451294
0 0.7028783774156864 0.606622121583848 0.0855793557412186 0.10908731252120454