0 0.6432698066495778 0.39556051737290476 0.05902087516934209 0.11497433664159917
0 0.47079061906490666 0.4597065622438903 0.07629026232447185 0.11733735731976366
0 0.407311295229617 0.49617490922457164 0.06379026232447185 0.11675516046291676
0 0.3055573654468621 0.5640409594722406 0.06534611827193722 0.14644266046291676
0 0.6156627057904951 0.5059543618723867 0.10473616689245624 0.15451202564056316
0 0.8108014654014335 0.4555604478948133 0.08516729534115867 0.1380137303552928
0 0.5545680755327703 0.5415322969424092 0.0732471494796016 0.11875430810555195
0 0.6885236736783196 0.49866409264196443 0.08385045680654776 0.1426284557481871
0 0.4892805902320914 0.5827609185301965 0.09100121551297527 0.1601070541766104
0 0.6778484452750455 0.5685228283739407 0.11164126413349429 0.16730312406898662
0 0.5568465485089773 0.6170224485139859 0.10069712008095948 0.19640842721213972
0 0.6284316214397558 0.6043362038906694 0.09223616689245624 0.15392982878371625