0 0.5689760333148757 0.23766291017851965 0.09623225478036197 0.09542866013203684
0 0.39812331277223983 0.2852391221485193 0.07132998920265834 0.21599543836009252
0 0.17181233421003964 0.3617502698867133 0.1010780459579185 0.1952919590952776
0 0.4483142774547795 0.31425338741708425 0.1148959238095248 0.4109169590952776
0 0.7915333513289028 0.2803412598484275 0.1288421005537103 0.21636587672018495
0 0.6097035579918779 0.3537376780389827 0.10083581893687779 0.28849515494824063
0 0.5638007726744174 0.39115905706824183 0.14113944632705894 0.33552597983046273
0 0.7032940692506449 0.3843930642782884 0.11443724398302031 0.30677626324231466
0 0.756482021133258 0.5242375228079182 0.17238944632705877 0.3382600005656478
0 0.2779984708564028 0.6686462359092136 0.1616917782207466 0.36529139227157365
0 0.5717787492340329 0.6545968404800938 0.17519307371723974 0.3820100005656478