0 0.4369400854755291 0.5464237412910183 0.15452697183034889 0.3271655567430599
0 0.39537433880950895 0.5648615042231421 0.24658641032089879 0.48104672618081656
0 0.8656708633553162 0.5605745401830264 0.2089908154716497 0.45968855172849493
0 0.5168185172981193 0.6615653564929976 0.15455892273873423 0.30846102084968263
0 0.5781545010872617 0.6934542024946472 0.1663255991013127 0.28074519780928675
0 0.3438110651817857 0.7965948890211628 0.1660702497101359 0.35400084138279586
0 0.8539675730576934 0.7050065017823666 0.16852557001357765 0.3649838054894186
0 0.31382054730393827 0.8225269032069278 0.19186747516432873 0.3453987311953817
0 0.7646816745749022 0.7624218481797275 0.23281121062046123 0.3886773697543259
0 0.5087344345768419 0.821554121932404 0.2614147006185215 0.3380696159934022
0 0.20924448866942616 0.8749054086172041 0.197894592433353 0.24737040815498545