0 0.6278982915612167 0.4418594066516823 0.05156680810555194 0.06803297970746058
0 0.4600922074008169 0.42565988798399584 0.10229886228216216 0.1516636858759707
0 0.6062823107916391 0.5140792800284768 0.08703773531769166 0.15920345048646745
0 0.3372176335794993 0.4188314151763942 0.10404545285270288 0.1891636858759707
0 0.38204213606069864 0.4594251874975285 0.10553517824559702 0.18762845941492118
0 0.5608264156302033 0.5437298238599666 0.1274101782455972 0.18801028896022592
0 0.17026772807898127 0.4377745097392326 0.15364734656639661 0.21500916558343128
0 0.8517896716260592 0.7236663344099782 0.1396576211735024 0.21632620373287814
0 0.2368431060769093 0.5263654512972462 0.13925951488719618 0.24129893019392784
0 0.33639149586166156 0.5686950474816425 0.13013707195929083 0.21303756249917621
0 0.5780054152159184 0.6946883518631438 0.13442646567298447 0.238092109577077
0 0.640689505786459 0.733252019882207 0.11399834160399784 0.13469437418757338