0 0.7951203167730906 0.45408603259200103 0.08931968597979179 0.15182445435896633
0 0.44030879625586844 0.5894134230395871 0.07743662860909736 0.11037066016782511
0 0.3389833388089241 0.6254082773939089 0.06642639342673622 0.1064168659766839
0 0.6388904601998269 0.5436310168204541 0.06664459897381966 0.1157918659766839
0 0.5212496717308338 0.5822889298880642 0.06671733415618064 0.1189168659766839
0 0.5655445323881602 0.5755070562377105 0.05992182028847228 0.09500576929603195
0 0.5804610175705213 0.5797568483542592 0.08753898043270851 0.1423310551888033
0 0.3207795058870144 0.6809595377668712 0.08041615824437506 0.10435745850815117
0 0.5895281994662505 0.6342550942050743 0.07500261284152784 0.13982136182749905
0 0.3264677678548617 0.7578180356922788 0.08575827488562507 0.13283765601864025
0 0.718143508736806 0.6315230257435238 0.08139808320625015 0.14654495850815116
0 0.3121338173417715 0.8121027939906484 0.09858558320625015 0.1478473493799445