0 0.6492481169066064 0.4552231136191337 0.030546698025101904 0.11161946159934022
0 0.4698912839331844 0.46746000382743064 0.05055880937615385 0.10752299498543501
0 0.40013998843669124 0.48508542451882875 0.035134068475452376 0.11019335391920819
0 0.2862684531192308 0.5219298581423504 0.02796191856773751 0.14429556927947224
0 0.5913273905038745 0.5559421791376822 0.07131140036914019 0.13931856426490724
0 0.7873512893318553 0.5634949517032244 0.0518604935215949 0.127835494985435
0 0.524751159782206 0.5726954216158349 0.04450906847545255 0.11046613855894431
0 0.6613697802325567 0.5702798122863502 0.04903588217054296 0.13243206677218974
0 0.4516245404115894 0.5943180205204781 0.05336243676633483 0.151272994985435
0 0.6314331539221099 0.6358737200456244 0.07211243676633483 0.15181856426490725
0 0.5043199413990385 0.6481500626820615 0.05264054595791841 0.18868206677218957
0 0.5747628493263179 0.6562376958307297 0.0560869185677376 0.14511392319868044