0 0.7257586171471061 0.5636503500954502 0.0831148834215476 0.23835452267663584
0 0.4035361072612744 0.513048176718634 0.10910438045579803 0.22460110534690844
0 0.8077726211014389 0.5833457794398133 0.10623404844057553 0.23081474267981755
0 0.18719352425746882 0.5120925620225899 0.10218321840251945 0.24638519867918127
0 0.6780997085538687 0.6013588880887687 0.11331171939110263 0.25119996801399935
0 0.32665261368706505 0.5426078600413617 0.09233869171077372 0.119768154678545
0 0.27722561665281453 0.5560885573679075 0.11930705140632511 0.24502269334818116
0 0.3740024575652856 0.5931351187141797 0.104000386387297 0.2526533800127268
0 0.7686703118236294 0.6968992021005408 0.1235780573378241 0.27318405601527207
0 0.854877067260837 0.7236713347787675 0.11481055239490842 0.2496556493475449
0 0.9267003291238349 0.7807304041215398 0.12421472729976805 0.28880905601527207