0 0.4542830651267602 0.4930862384134024 0.2560885068807398 0.46751872758291685
0 0.5625357710644918 0.5568376542572218 0.17405938246962904 0.2784912887533334
0 0.4716961575866215 0.5792231069545134 0.17019208869018457 0.2877571859797918
0 0.09459180991972256 0.5103354751143749 0.18918361983944512 0.3371402433504862
0 0.7995109248814367 0.7711858693036103 0.19548461460916594 0.3273288322563195
0 0.28261453374115864 0.6194883503049997 0.21017183119731414 0.3526197729857641
0 0.6619330124403257 0.7930998497363188 0.29774974363842527 0.37336999050069475
0 0.14127663425953824 0.6219983673068402 0.213784846748703 0.37609364057694455
0 0.6142289528266683 0.8838709733114231 0.24093523270518488 0.20520056553881966
0 0.3219532699331961 0.8649450142489581 0.17900116069768474 0.2458606267092364
0 0.019193040056250606 0.7473464722645833 0.03838608011250121 0.23343205547083343