0 0.6871131881632121 0.43585076177441817 0.09983682448483525 0.14374209172016936
0 0.5105040665874508 0.3983622187537072 0.09538612282516112 0.1467852711033184
0 0.36038659003266754 0.3510486623403157 0.10802783278320494 0.12828073295387146
0 0.639681158494218 0.47490930763450284 0.09178752614450918 0.14048072402541756
0 0.575807912643403 0.4838263859619916 0.10691561867597628 0.1547886858759707
0 0.2673227516503852 0.3745191643689106 0.09862952199532433 0.14840231818121907
0 0.4922850176224248 0.49464688352635966 0.09588303029369402 0.1327500446422686
0 0.6041920991562298 0.5519900048745592 0.11756969875988901 0.19242505357072232
0 0.7219823277856056 0.6037689188364327 0.13104020290907387 0.18485801542127547
0 0.5338670211469096 0.5945690170494238 0.11865860207923688 0.1862023271096728
0 0.2786961143030769 0.4921333583625561 0.11591211037760658 0.17055005357072234
0 0.34395241616788785 0.5885213888013654 0.15357897635429046 0.23518529788867965