0 0.6568577014434297 0.41630009023316017 0.08103672359113005 0.13392655933798814
0 0.25183040634542025 0.34750992696505734 0.06815477767481415 0.12204186597668407
0 0.46942218882955783 0.45478594023780455 0.086542679126093 0.15771925684847724
0 0.7339435350160264 0.560072478405661 0.09041172359113023 0.13463695435896633
0 0.5040625728576416 0.504643307664381 0.06653771397248338 0.12036096680652086
0 0.5864584106065895 0.5312990508159038 0.09991569836338669 0.18366645020978148
0 0.4369742765785059 0.4901440223963096 0.09161212504240908 0.16901195435896632
0 0.2295685151457605 0.4502447632727472 0.09657244355406328 0.17717965186945542
0 0.6848810416394484 0.6131392014359593 0.0949553798517325 0.17549875269929238
0 0.29519600434598725 0.5126370968811447 0.11079863466105584 0.1829327444009227
0 0.4077257753973795 0.5722587053846515 0.10164188947037936 0.1884723493799445
0 0.5951687556119316 0.7358681516457408 0.1456845553496283 0.24479412697434616