0 0.5819270347615723 0.3643963816297945 0.14768356496827514 0.247684041958086
0 0.6452057955613455 0.43196567671113845 0.158100253713015 0.4117738130353249
0 0.7572866441100666 0.46699972774441073 0.11768355172143145 0.14909200585373233
0 0.4395386381196169 0.39169870413308916 0.11712304573098145 0.2225113251355733
0 0.05412945009266723 0.3472113432859459 0.10825890018533446 0.27254768657189177
0 0.3738565852170593 0.46008054459036457 0.1364930938242158 0.2851113190854491
0 0.722125415709613 0.6011974657423582 0.12090281015895173 0.24127950585373234
0 0.23343742714235843 0.5428743429913583 0.17077881378714893 0.32748971662612103
0 0.48623255572814655 0.6209231167008757 0.2063889315731636 0.3183237948849523
0 0.666540070704271 0.8032533067888089 0.24042168039203737 0.39349338642238224
0 0.3483183495602115 0.7662441861791083 0.21204370924797794 0.43552038524403186