0 0.4363245672740482 0.45213299590846673 0.08268632535009016 0.12627481252120454
0 0.5154853559436845 0.4330134628761749 0.0909169960216353 0.16248513103285872
0 0.22421437126036697 0.5455481460938012 0.09449652936027153 0.20165675843752062
0 0.5567461552753208 0.4469594009879427 0.10801358935390812 0.15527283175849824
0 0.2779478985916853 0.5622743438242157 0.12338514536918019 0.26826390507947584
0 0.6722438859405028 0.461934614960426 0.09585903469127163 0.18452382213985138
0 0.8297478506126843 0.426793267044677 0.10249084269572606 0.21755457694917482
0 0.3747768979153675 0.6367783252198942 0.12449311203054414 0.22925596878180662
0 0.7902848139322304 0.5270189563375711 0.10258174936345306 0.22536707694917482
0 0.5993320025859582 0.615701966504372 0.11844310669954403 0.24622521397248337
0 0.4713973592457313 0.6620362747644073 0.1528362880330894 0.24898811542376223
0 0.4038269565563687 0.8269320992665113 0.16097605203690737 0.27738593393541644