0 0.6451439815910929 0.2979023586045688 0.09799488229073816 0.0949608105039836
0 0.47301892900466813 0.29430966033306366 0.07805811850068452 0.21459134890464338
0 0.24337689311129088 0.3025553840065978 0.1071091210079671 0.19358016693047428
0 0.5172834060434146 0.3375906474009399 0.1289172395086517 0.4065348079967011
0 0.8531958254811712 0.4075715606369975 0.1358251543940618 0.21471102084968266
0 0.6660822703874641 0.4263085034317193 0.10979150329870535 0.2857676669304743
0 0.6167187678801817 0.44963835484364506 0.15173496239076306 0.33226223370266406
0 0.7530116205457487 0.48476820962078315 0.12283707257817725 0.30488137978345564
0 0.7825352991547054 0.6395095339148202 0.1830758906040085 0.33629651583511766
0 0.2993136221951013 0.6394954428612287 0.17291128041659398 0.362540767088759
0 0.5845357198461034 0.7140789395625234 0.1874284214828208 0.3785749440483629