0 0.7932869161880884 0.3689830244251352 0.05183528763096845 0.11715278366526398
0 0.265058009383154 0.3554761513664608 0.06928486758448216 0.16608135698624168
0 0.42900054106203767 0.4183332715147284 0.05994271857321785 0.1439335384745874
0 0.49420492398175864 0.433201814165667 0.08058300050420311 0.14933036660488846
0 0.7771923866028917 0.4654041566391204 0.07164504307885018 0.1552529843909035
0 0.43143177237260416 0.43929061225890126 0.04947511213660043 0.12798115626060227
0 0.614965538212046 0.46717253168152945 0.09497328243518836 0.15450893992586606
0 0.09182832299302286 0.4254315312181932 0.0812057133774378 0.18052580290255768
0 0.8025258863507903 0.5377776644436687 0.07909691015912905 0.17265873920022673
0 0.2789352030627522 0.4913764458314979 0.0986117346647613 0.18425100362819719
0 0.4123215034310693 0.5342583718775481 0.07314184110137863 0.19894842068857255
0 0.614299630650807 0.6550172720628826 0.07105518119435103 0.10223711179556502