0 0.43020094319043317 0.3496266320275698 0.06697220282385156 0.10149107123840277
0 0.5669855408414353 0.43556674486909774 0.05718802586424747 0.0872103656913195
0 0.46332934342786 0.4417420500555907 0.11725701082055266 0.21976959897381948
0 0.7074407077719095 0.5403295928929867 0.08493259263643722 0.12845361474138883
0 0.28175508300301877 0.3727160270698266 0.07730194906292791 0.1345217767854862
0 0.5458978025199178 0.4889456647969796 0.07716555674305994 0.12983427678548623
0 0.49498016020004965 0.4830762180836115 0.12346154671392995 0.2183525693385418
0 0.7652508592629776 0.6220893923798965 0.10169419530200426 0.16787979065319458
0 0.2826560049480579 0.4305103432742364 0.13106344655564542 0.15763327488562506
0 0.5156683964099962 0.6037887615865977 0.09236465940862679 0.16922408510611114
0 0.7163707415537157 0.7130767618709382 0.10302937476889085 0.16010365824437506
0 0.326128523290458 0.5829820330537503 0.15439329796757129 0.20814242116215276