0 0.14945152058698513 0.9554982033291364 0.06647209765100212 0.08393071509696384
0 0.5939172037482885 0.5206133198093674 0.0788189849563052 0.1325591298696164
0 0.4539681536691461 0.5535094147759476 0.04684155925034226 0.10701365909060953
0 0.5140334754559008 0.5555843835263596 0.06473976458147632 0.1854113944801128
0 0.54432036902941 0.561302549516828 0.10196697994174038 0.17669095941492116
0 0.26053875092443685 0.6263816732973643 0.06856344655564542 0.15580571509696384
0 0.470459320203909 0.6039770190780187 0.05674540815498581 0.17902502678536117
0 0.9031952638565606 0.5722171355582498 0.07356919530200443 0.16682503571381488
0 0.7323766470052286 0.6462564277648865 0.09503501834239998 0.15314436525911965
0 0.1383562108744244 0.7464232122575902 0.07447847743445783 0.19807503571381488
0 0.4759244070343584 0.7381883778443168 0.0720354390337981 0.22145798863591432
0 0.2704723774091873 0.7948725746773361 0.08439904671392995 0.21698867694751697
0 0.7458839028777232 0.8529467585280072 0.099751262074194 0.2078864123370206