0 0.6166374082736785 0.3947149979568966 0.073451452503779 0.13475679508134392
0 0.47600543202178897 0.46269790437636316 0.06774748407381015 0.1440954336450254
0 0.5855092346385075 0.4464411244203297 0.08214318401734033 0.20353406615858277
0 0.3455142952183209 0.5040683138208918 0.07289001038216938 0.15193520472226432
0 0.7283422057698995 0.5283945854873058 0.09843604195220053 0.16145565046753826
0 0.19755566637794778 0.6173909913175971 0.08381209983059082 0.17855224687674198
0 0.4922990189805489 0.5852177989901689 0.06478908404557515 0.17375566256778646
0 0.6025917768730567 0.5822331786750559 0.09537122611071513 0.21610678903121966
0 0.7768637347796818 0.5937150584581385 0.07452810509226264 0.1800602047222643
0 0.48144554799033124 0.650883705606027 0.07920019454068417 0.20664088544042353
0 0.25541439803268345 0.6967148769544125 0.09731315770898111 0.19581246974937905
0 0.6871579507199892 0.7527769619507388 0.12809272084904322 0.21473518657189175