0 0.49884132479697396 0.37819576264304294 0.10935162091177605 0.17662066162790727
0 0.766999841915837 0.42261160085825217 0.09039896668512437 0.2936684592838688
0 0.41947399984311645 0.3902265908361029 0.07481593460686646 0.19619268198597287
0 0.21110958975636876 0.42900278685861987 0.09109987353266966 0.3046059592838688
0 0.5984686898486539 0.4880597208471776 0.09707046884459274 0.25208173658176475
0 0.5004712808416402 0.512901429669621 0.15788685533407226 0.30266152991878953
0 0.4058899660668156 0.5060623419158371 0.09156094848652714 0.28751858883351816
0 0.6877803161591006 0.5583605313030656 0.14372422578442307 0.3001978639719457
0 0.3895733536360294 0.5306921020948698 0.09731030073828055 0.2801066070321154
0 0.719909300581397 0.68335003932263 0.13687344848652713 0.2904223457733483
0 0.26085447562753955 0.6710493869509049 0.14821146668512436 0.29737325262089376
0 0.5495047678848303 0.7681291502122567 0.17867901912144787 0.3600129549649321