0 0.6501721458952782 0.44375 0.0989856267092362 0.1578125
0 0.4431038750937156 0.40859375 0.10232883225631965 0.1671875
0 0.2592367149494795 0.36328125 0.1150834053945835 0.178125
0 0.5087119977188893 0.475 0.1036731267092362 0.1578125
0 0.7670726244281255 0.6328125 0.11984364057694456 0.18125
0 0.18102144918191004 0.39296875 0.14844141926229187 0.2015625
0 0.39681206297336846 0.50078125 0.12020731648875013 0.196875
0 0.6017749327487506 0.646875 0.14873235999173637 0.2140625
0 0.16543477640423654 0.4953125 0.12852896276527792 0.21875
0 0.36194806012357683 0.58046875 0.12860169794763907 0.221875
0 0.6385320099710771 0.74921875 0.13332556553881963 0.2234375
0 0.4202898498268409 0.70390625 0.14876872758291687 0.215625