0 0.5546149882710575 0.48747251002923353 0.05580152179152655 0.15263915258848365
0 0.3141592330752774 0.509258691839261 0.04817469209011431 0.17709312101845248
0 0.5950103953280935 0.5310628863093578 0.054096910159129055 0.1727696420651398
0 0.4497525256499243 0.523380646973876 0.08341306956195353 0.12468075256024883
0 0.39872525721259244 0.5725392128153611 0.06387610174504035 0.2013496683734992
0 0.5369354513963938 0.5907039258424839 0.05907934110137862 0.19951415258848365
0 0.891666510062584 0.65649260971865 0.06820296882531948 0.21871917889684286
0 0.06757344620061365 0.5991578368175855 0.06696825075630464 0.22331567363517096
0 0.3827885367977892 0.6673133865211194 0.09109416560701078 0.21227175782192056
0 0.7115362496710238 0.7175834862105359 0.09761768119435103 0.10527830517696728
0 0.6489323428660894 0.7458380178511541 0.07474789976756888 0.24555469468185825
0 0.25004137479707467 0.7272736734939966 0.093574309422495 0.2699932525602488