0 0.5411923500810533 0.35071061065075154 0.15255572745980875 0.18989881303532483
0 0.7907814352749103 0.4607270018467117 0.1697860769216895 0.2915340359079618
0 0.458797227045524 0.34242086679907163 0.12635710049533805 0.19755677693097126
0 0.2408455936709125 0.32475105688700473 0.17342049917143046 0.302489716626121
0 0.6034098678637336 0.4791628635776178 0.1634247609582548 0.2555692648307229
0 0.4986495932566277 0.47699130951928337 0.23508574524248899 0.31846924063022614
0 0.40742312572161643 0.44678111387220537 0.1680052531003719 0.2868374455488823
0 0.6684227458616616 0.5670173875817228 0.22073214681406556 0.3121374273985095
0 0.38326003370333384 0.4646044181269315 0.17247442927905432 0.28217721662612105
0 0.6586197144301302 0.6919264839909267 0.21241022456432468 0.30115447560311137
0 0.20975622125455576 0.562786867191855 0.2237115975998539 0.30903060811666877
0 0.4634913050006708 0.7282810987468948 0.2720806310982999 0.3749192285299777