0 0.54921875 0.4818201916876971 0.0765625 0.22611405933798814
0 0.365625 0.5762008441818525 0.0640625 0.15016686597668388
0 0.51328125 0.5368871226014467 0.0640625 0.18141686597668388
0 0.69140625 0.48276461720286185 0.0671875 0.16915366431700996
0 0.41640625 0.5848528711515542 0.071875 0.16638386182749904
0 0.578125 0.5694735570396812 0.065625 0.18622276514684694
0 0.1578125 0.7325729338135346 0.0875 0.19881785352912934
0 0.9015625 0.5254336788159352 0.1 0.2200775468904336
0 0.36015625 0.714115241277423 0.0828125 0.17033765601864026
0 0.740625 0.6048162933427267 0.0796875 0.1951008576783142
0 0.70078125 0.6711167221818838 0.1140625 0.2383306394219007
0 0.2046875 0.8782397087086438 0.121875 0.22173513527271566