0 0.36014793627971253 0.38589668879407624 0.053498921265474134 0.11333906203449332
0 0.5475991176914563 0.46395526054847924 0.05980346834337489 0.11675516046291676
0 0.5463775369283356 0.4835592851555851 0.04848413879807012 0.09437073821317572
0 0.37379342491562684 0.45093949193722943 0.0693421095770768 0.12656680810555193
0 0.7704929212621788 0.5567826536430005 0.07707278896022593 0.12224318114108108
0 0.29148943952612344 0.43913515881028686 0.06624438311602718 0.12798375889134023
0 0.710282124184278 0.556459476016576 0.06487279788867965 0.13884848428423419
0 0.5242764403369022 0.5612134042621729 0.06816143912238175 0.1483690334984459
0 0.2297803721556833 0.48735864309452115 0.07276711850553053 0.14389985731976368
0 0.668967377430689 0.6084243904084341 0.07600121266133186 0.15029540653397538
0 0.4735224638758527 0.5651410789931133 0.06972393912238158 0.14844180810555194
0 0.36149006817792373 0.5523757134011821 0.08214211850553062 0.14433650496239867