0 0.43505379910780934 0.4364578083104396 0.08490986758448216 0.1674829065339754
0 0.47771119267119194 0.4541204973094036 0.08458208565349708 0.1627954065339754
0 0.21299884662613486 0.5295762998333842 0.10568155347041017 0.08590757485477489
0 0.4601195010852807 0.48151775123834506 0.10061127723940828 0.19157537799792798
0 0.17917051382262947 0.6322453815125847 0.10373627723940819 0.1917209272121397
0 0.26696544476487893 0.6096854849034068 0.1270316656070108 0.2130522717116218
0 0.2157964286733356 0.6464919720831253 0.11376684110137862 0.20153257485477488
0 0.244576992535306 0.6384269150110307 0.12325110174504035 0.20353172249741008
0 0.7652768946486634 0.5114065742310931 0.12811356436617344 0.16170809553293922
0 0.6058911869712088 0.5713893881276133 0.1370079631253363 0.11072779238978611
0 0.6140589660522024 0.6227164476809072 0.1536705752619369 0.23765416542531542