0 0.41523873416902524 0.4489720153863198 0.06978131275401331 0.17016833605604162
0 0.5375298139972087 0.4299700550895838 0.07093437697836436 0.1623922036472223
0 0.5730479121427579 0.46747070829996573 0.07661116689245624 0.15160017401194442
0 0.32035668136463463 0.5443007395507642 0.09214763568479167 0.18005248233256949
0 0.24353855382044332 0.582307926196146 0.10826395861557021 0.18979115824437506
0 0.7699981552453528 0.5032666571975353 0.08334584577069996 0.19077177678548624
0 0.4341635538204433 0.5867447723201739 0.0823631999091429 0.17202177678548622
0 0.5388953194242756 0.5751370847248616 0.07553998982323477 0.1609388064207639
0 0.29722347580128217 0.6537841891139238 0.09863665309764631 0.21453658510611112
0 0.44545293588719037 0.6681584264804864 0.09337594301173802 0.20348998233256949
0 0.7601804992070305 0.6434916136945492 0.08507212008095948 0.1939331443766669
0 0.5594678482570908 0.6996831430454865 0.08975962008095947 0.1940422471502085