0 0.49908939911101113 0.534375 0.045758523337859104 0.1203125
0 0.42137885835434635 0.55859375 0.05009533697334127 0.096875
0 0.6132156719898283 0.53515625 0.05003143515657005 0.134375
0 0.9823812916747485 0.49140625 0.03523741665050295 0.1234375
0 0.5488023566873564 0.55 0.04113492515463033 0.0828125
0 0.29574100062821984 0.5890625 0.05567565727678296 0.1078125
0 0.5769432032035954 0.57890625 0.053252030005818976 0.1546875
0 0.2504601936606976 0.646875 0.06176616061076281 0.125
0 0.5577466641139206 0.61171875 0.057301801217646366 0.146875
0 0.685058463205535 0.63046875 0.04977634364130097 0.13125
0 0.2296372527542517 0.7171875 0.0565045757634536 0.15625
0 0.22074035593845043 0.78046875 0.07381962152108805 0.1578125