0 0.4814336047088069 0.5152499425451327 0.06039684137714509 0.12202618942018653
0 0.40936019726707834 0.5585896898437095 0.06125001324684387 0.10180469468185827
0 0.5932242765785058 0.4883850637047596 0.06713791469812272 0.13645271046687385
0 0.9571280307548571 0.35054707458103906 0.07155259618646852 0.1289132262518895
0 0.5324331095181304 0.5185422715407976 0.051329376223535304 0.08563366311182748
0 0.29095742684865833 0.620284594992442 0.06949902286549073 0.11475972099021767
0 0.5637203150530933 0.5402051689381965 0.07409724282842375 0.15712923151356134
0 0.2557491023465543 0.6880937212725663 0.07791172359113023 0.13240224729857691
0 0.5509127802067029 0.5769617162932432 0.07700398801910051 0.151061242036905
0 0.6765303390997104 0.5649482927286593 0.067028787293461 0.13332771046687403
0 0.24586816005843531 0.7638217633659412 0.07727680653075471 0.158873742036905
0 0.24654277185400045 0.827975268627613 0.09462799763774728 0.16456229991529553