0 0.5335990092695939 0.43813443472321206 0.060665874681726704 0.11439569994353019
0 0.33903084926004884 0.5197315871705215 0.05583292401336308 0.10162268415851479
0 0.44950527259709416 0.485971966222656 0.06980451734563572 0.09462923151356133
0 0.6843166246021848 0.43482117697187855 0.055851105346908625 0.10318518415851478
0 0.605046747931276 0.470666942686307 0.0706044960216353 0.16337923151356132
0 0.255945081914413 0.6151343634082934 0.07987040802036267 0.1545502630835925
0 0.4832166539226854 0.5410011004658754 0.05743178668045381 0.10483868942018652
0 0.5395211979233216 0.5330374110456887 0.06889654535327186 0.15078822625188942
0 0.7363052912555945 0.5293832480750357 0.09398745202099903 0.160056810438639
0 0.3465058999045499 0.6824668056004903 0.091189716024817 0.18799979991529553
0 0.5079979305776858 0.6254370136482897 0.08168744668999892 0.1765162683452644
0 0.687939421904868 0.6602384059251912 0.13831925469445333 0.2126049577654509