0 0.6368815316364191 0.2245745315198719 0.2424316724546287 0.42474358133331247
0 0.4412865494190995 0.367973024470902 0.13969616252983136 0.25814623195336794
0 0.14370953618453317 0.49322701389744716 0.17676382299274804 0.31856351369695446
0 0.526661123240417 0.36620776969701724 0.13718759263745514 0.23771533278320495
0 0.3837501852749104 0.42878139252217845 0.16364739288512417 0.3378104211654874
0 0.2644758004525568 0.47701982820981287 0.11960198635114896 0.26129454274124875
0 0.3517938639347921 0.4664832246806835 0.16204635152879537 0.30343542116548716
0 0.24792830934389695 0.5425623178368506 0.1658990975998539 0.31929721950581325
0 0.6889471075246514 0.4166310543403887 0.24046244995721863 0.31560537967363855
0 0.2973333039672134 0.6101632923170415 0.22778266749223003 0.34422728714217127
0 0.5627742133966729 0.5524170342191643 0.2999530740262054 0.42287435062934425