0 0.34848662727617324 0.11989069913315845 0.05286423871722894 0.10076628742738744
0 0.24401808762187222 0.15917798511280382 0.072899257059629 0.253056533498446
0 0.41448135180763723 0.18331319024181827 0.0579729390337981 0.22271406203449332
0 0.3559701698334682 0.21576612531184086 0.06182536473976095 0.24785961124870495
0 0.029953239112940323 0.24972601819696508 0.05381428793844136 0.29429796360606986
0 0.5618935608996949 0.22182126447742062 0.06567779044572397 0.2730051604629167
0 0.5319021840192331 0.23964661931598483 0.10736518527287445 0.2577825748547749
0 0.4391152904457238 0.25022670843878336 0.12500732633910125 0.2742080955329393
0 0.3186269456977156 0.3035593777930402 0.0657854390337981 0.22307793507002263
0 0.06219274076229296 0.38982232526905963 0.09419524703049913 0.34142982878371625
0 0.5301076664682558 0.39306271774440826 0.16690532132453625 0.31985023531769163
0 0.3198952436652868 0.5084652016143578 0.1446498880967259 0.3593836162111037