0 0.4676581554632692 0.519236014119258 0.09702610579549784 0.4675799565847754
0 0.5956935178940554 0.5487907849689405 0.08284728253968332 0.2706594924781527
0 0.5152457518549265 0.5949778116911177 0.07427331893687779 0.2828867078384166
0 0.11090990284237563 0.6387850183424001 0.10656418722776015 0.32437552586424745
0 0.9017456539221097 0.6829290704000994 0.08917642812846154 0.3207504206913979
0 0.3443441641011426 0.6847125984424249 0.09390350092285064 0.34584134890464335
0 0.7751342867109616 0.7410788880302189 0.18841496452565618 0.33611465940862695
0 0.2078466571613123 0.7261379173261856 0.08789333281653847 0.37373902837152995
0 0.7743158590439254 0.8750989118826558 0.15961004163898201 0.2498021762346884
0 0.46895773057401036 0.8940994813932372 0.10504365514950216 0.21180103721352558
0 0.06013900177648477 0.8973595590524865 0.12027800355296954 0.20528088189502683