0 0.5547073479184066 0.4346993108334492 0.08162621551297526 0.16009869629109835
0 0.30878069425493343 0.4358368441888203 0.07800324852966192 0.1801655348257091
0 0.586111156149864 0.4808406484635488 0.08408947421940241 0.17736808344622812
0 0.4417093809350933 0.4609895731579211 0.10383540818602892 0.13788950361804453
0 0.3805571969684669 0.504931002940676 0.09658283016686778 0.20762879353213642
0 0.5152940451140161 0.5346893447546471 0.09329405585660808 0.2043400192218769
0 0.8570864767057934 0.6288023564017505 0.10373358887329473 0.22514384215265543
0 0.056918301106909854 0.5030907004749698 0.07272925033868427 0.22819359905006031
0 0.3439004019659925 0.5977260125516145 0.1254448145630355 0.22316526232447184
0 0.6643976876962128 0.6741535572154046 0.1123096494796016 0.12119332654882306
0 0.5951087771353347 0.6973697291962434 0.11606317051050077 0.2522795522385636
0 0.19837321799936602 0.646089348711376 0.1393302521477066 0.27998847241038016