0 0.5078686240022243 0.3527902495366638 0.1360718208208084 0.2480059687818068
0 0.5934575135071155 0.38865831686719177 0.1320198996047118 0.4193898954608291
0 0.7116460713855058 0.375563094542006 0.11149748407380997 0.14735120435383653
0 0.38576683987194443 0.4330729718618496 0.10511024715740262 0.22509425843752062
0 0.02856680282848 0.5514186562606023 0.05713360565696 0.27471231252120454
0 0.35323578995664906 0.5211806070710596 0.11968795762427646 0.28797620435383653
0 0.7326803662508908 0.5117287730351268 0.10776481029746492 0.2438988221398514
0 0.25556558745287006 0.6524181941870355 0.15330409442774462 0.32969247840045346
0 0.5219032189946663 0.6225769598809501 0.19007605233436992 0.31850200725639405
0 0.7650169111868631 0.7226588385515562 0.22008134172632143 0.40531252649368776
0 0.4525708481173881 0.7947842542611692 0.18725343117474297 0.41043149147766156