0 0.436161776439992 0.42626482260318743 0.05061814441741408 0.10799603847458741
0 0.6811429992144331 0.4950693531884086 0.06147383118569749 0.0943154843909035
0 0.5404089149054776 0.48123008639818554 0.0506363251355733 0.1111210384745874
0 0.37784982757146013 0.47674846144059463 0.05694086729005097 0.12071429328391084
0 0.7597543334251926 0.5759349180718658 0.0584397347764936 0.10983135698624161
0 0.4516645774732643 0.5390277174310444 0.06648858411256367 0.15072917549789597
0 0.5205236617822198 0.5553769145284868 0.042751102262936234 0.09834821996293322
0 0.3062520835233885 0.526914641747814 0.06166472872636941 0.1271279843909035
0 0.6922082851223949 0.650964689123258 0.07907039734428026 0.16522818511654283
0 0.510812839377121 0.6322940785936373 0.05553290339440444 0.14722222958157988
0 0.3716367098886258 0.6176189981010834 0.08254083098930573 0.22471231252120455
0 0.3224725020431035 0.6287127547245055 0.07720791549465282 0.11361112141421188