0 0.586189964210617 0.35390625 0.0909741972858944 0.1390625
0 0.32539493982120044 0.4859375 0.12623399011264294 0.21875
0 0.37023754625781774 0.4703125 0.13960807526193672 0.23125
0 0.6298746262113315 0.421875 0.08948810694082052 0.1625
0 0.4243569637064139 0.50078125 0.1607946604112307 0.24375
0 0.2049024873395259 0.5890625 0.11728532500983527 0.1578125
0 0.6065192536831707 0.4765625 0.12397236758448216 0.1640625
0 0.08130681419094654 0.66953125 0.10958208565349699 0.159375
0 0.3384962373395259 0.5890625 0.11122099530842303 0.1828125
0 0.1453803858465871 0.7140625 0.1272830378830699 0.1890625
0 0.36040980614517487 0.6890625 0.1167825804577169 0.1953125
0 0.6090329764437626 0.6640625 0.13262610174504025 0.1984375