0 0.42427459772955933 0.4930844898658055 0.03944285352912935 0.08902826674922296
0 0.6006245327924937 0.5293238585581086 0.04100535352912935 0.08910104135632899
0 0.7279682827924937 0.535254989037236 0.04578794191141178 0.11112159057054054
0 0.386503755822792 0.5699530508668416 0.043254937762226754 0.11878854135632899
0 0.7821239091421399 0.5821514137681765 0.0450775468904336 0.10174659057054054
0 0.6093259491840961 0.5927870450758733 0.04865283278320494 0.1283818651776464
0 0.46467722262931294 0.6358734574008168 0.06401772365499828 0.14622433664159917
0 0.5698499747039054 0.6368794933804622 0.05360044191141178 0.11148546360606985
0 0.3634582647458617 0.6459504706353832 0.053672219505813336 0.15352741439185813
0 0.7341609284381718 0.6375259644301302 0.05355382033565022 0.15196491439185814
0 0.6343860713845575 0.6461132522718024 0.060277417016302334 0.1585060128202816
0 0.4178865782330347 0.7169928707592177 0.0750736228251613 0.1482962588913402