0 0.6281200878337659 0.4080655285080069 0.08298116950744613 0.1454397878817268
0 0.37693458846673816 0.5098680471347603 0.11232641832631991 0.22729556576151388
0 0.42022079699692594 0.5001580783485273 0.12526292794496657 0.2408159318225902
0 0.6774231725874891 0.481423151237043 0.07916668874473984 0.1700571506088231
0 0.47680810289470843 0.5367172027445534 0.14450400126594437 0.2564089809142045
0 0.2639931335647475 0.5995846381909875 0.10858137023308564 0.16466802000387942
0 0.6574306203179037 0.5335437606301594 0.11354168874473984 0.17286315727678278
0 0.14557300497895947 0.666262341974311 0.09931549763774727 0.16702774545807203
0 0.39696932467174006 0.6151135275899231 0.10018851687504107 0.19202774545807202
0 0.2128349160488851 0.7184942637949615 0.11446927168436441 0.19942565727678296
0 0.42548868347208024 0.7179355097120755 0.10375002649368792 0.20478283697334126
0 0.6725720145976063 0.7217452622971494 0.11942959019601869 0.2076207945496865