0 0.4173293450184269 0.5008233317493775 0.19945683455744517 0.32379651583511765
0 0.37125157047261964 0.4901298726573198 0.3103938188056297 0.4797857545523465
0 0.7818055306340389 0.7647316852063673 0.2724155866834771 0.4537400801000249
0 0.4229570759326314 0.636601707376198 0.19649133122346535 0.3065635517284949
0 0.4591813604803782 0.6984484895086517 0.20239064485894714 0.2833533722616085
0 0.19943982759962137 0.6386713580758434 0.2141251124372323 0.35072272868809906
0 0.6909570032132937 0.8444021840192331 0.21571956334561798 0.31119563196153377
0 0.15500417244887033 0.6576426669304742 0.23399107334755756 0.38403533386094857
0 0.5815342057886692 0.8322227812745238 0.2783151581948669 0.33555443745095237
0 0.32083607972565326 0.7700243096460537 0.30873598183228845 0.3830926109788372
0 0.09126053684295664 0.6596848885589444 0.1024223378914251 0.33811977711788865