0 0.43789333281653847 0.39840933065707007 0.05035855027685514 0.10592862739018098
0 0.6686007171465498 0.5018904858065724 0.06674261875230769 0.21590440468807692
0 0.4519033729143608 0.5199035988556673 0.0597917119047624 0.2045663864894795
0 0.641636501384276 0.5546254595884106 0.07369352559985298 0.22724242288667415
0 0.9109372139073472 0.5804414921280938 0.06311697100406093 0.2078916455887782
0 0.5570810286821719 0.5585433991325226 0.07669741208933249 0.2741174228866742
0 0.38956286165559384 0.5548107225452206 0.07651813695090492 0.22275518198597286
0 0.9841600574473983 0.6463551912329297 0.031679885105203455 0.234954793337025
0 0.45543579040236415 0.6842967658822454 0.09102072794389145 0.2548062183831675
0 0.6674444370708766 0.7266704403100791 0.06754365514950215 0.22840440468807693
0 0.9638312206949067 0.7910075547434501 0.07233755861018665 0.26338018198597285
0 0.42211904996308813 0.8513941725775197 0.13328737353266967 0.29721165484496054