0 0.5135254292633643 0.4465149660668156 0.07798513527271603 0.1262807001845701
0 0.5940892676456467 0.4734465083241063 0.0839517153566284 0.1639809592838688
0 0.2789961412960006 0.4089394131690667 0.08558599295103005 0.20606832973421946
0 0.6262039506339887 0.5073802197674434 0.10355382033565022 0.15590764342931002
0 0.32113701972023917 0.4520676519102997 0.10930875809787714 0.2728948843300113
0 0.7243822641211617 0.5820879279715779 0.08885270290907385 0.18761871838316752
0 0.8833437896409709 0.6381445681616855 0.09145748465266053 0.2219937183831675
0 0.37641836080181384 0.5660090383997793 0.11560537967363844 0.23287066162790726
0 0.8041191535430625 0.700706322480622 0.09204948050347532 0.2298062183831675
0 0.5903759622563507 0.6706824537283145 0.10765116971559471 0.2510198843300113
0 0.453502924288987 0.6393649976836482 0.14335187137526867 0.2501978639719457
0 0.3196625657854801 0.74040945866556 0.1517330564382032 0.27872338217054315