0 0.5692083647358149 0.55535524562725 0.06328289202736244 0.20653678454774677
0 0.7789106287396329 0.6005713771502778 0.08114310136854393 0.2657522878817268
0 0.32723958808081444 0.6214593803150799 0.10327264003818008 0.28941292848861017
0 0.6805827640833598 0.6690347215404847 0.12872717337681613 0.33051616061076283
0 0.46041571475172327 0.6635507697140153 0.06611918006045166 0.4502867845477468
0 0.4108071607654045 0.7601867825908928 0.08946577339272466 0.44438747091226477
0 0.6062105674331317 0.7839425022952098 0.13915669072245204 0.4219064351565702
0 0.8656855647676316 0.801186496605677 0.14853169072245223 0.39762700678864604
0 0.6320929094525399 0.901019463495399 0.1247112880330894 0.197961073009202
0 0.9049673354550853 0.9310572630460555 0.1164624360279987 0.1378854739078889
0 0.32060142612185805 0.9093187635654406 0.1085772106938169 0.18136247286911883