0 0.6077937583160308 0.43928260939321506 0.06683743145709169 0.1284704336450254
0 0.19729587407281146 0.4073074641902341 0.05379139988706054 0.1190227107723885
0 0.42262282678835206 0.4942478862259905 0.06829351564384112 0.15347043364502538
0 0.694362047919744 0.5754513926688981 0.07768392619541978 0.12697156615858277
0 0.45978192156903247 0.5401098320694603 0.05213789462538863 0.11745112041330899
0 0.5438006057981344 0.5591456574996211 0.07912459983059072 0.17852497579950324
0 0.39231370050822767 0.5319115126894236 0.07205555247554418 0.1644261143631848
0 0.18113327680246943 0.5104915515242516 0.07719807878390342 0.17226588544042354
0 0.6481171084995574 0.6319513775435877 0.07563557878390341 0.17225679508134384
0 0.25129458738228283 0.5663143046475095 0.09144258930724707 0.17547269867214013
0 0.3679136690087837 0.6156188921779189 0.08105112087727813 0.18478406615858275
0 0.5663904244116299 0.7612894195998695 0.11833828925077725 0.2349840540583344