0 0.6530149390672507 0.4383077126580367 0.08161256299888783 0.16844208279171563
0 0.5024380863940625 0.4793849058409034 0.0738154735504665 0.1417704886359143
0 0.31173676266006944 0.5283467370110613 0.08234060509226264 0.18094208279171564
0 0.6754506521649606 0.5019162451254408 0.08124854195220052 0.16219208279171565
0 0.8636030995482422 0.4895913433384319 0.09842063140062188 0.18902731818121907
0 0.49796966524855313 0.5768638778377262 0.08640647881213823 0.14355117694751698
0 0.3338840494211852 0.6138029959395149 0.0879381577089811 0.1966489034085667
0 0.6339225758001316 0.5527014492653561 0.07738008930724724 0.1761727621748646
0 0.49612571516384846 0.6658036469124496 0.09631209983059072 0.1796250446422686
0 0.6711789230704737 0.6563719200443628 0.10227367349399667 0.20158186525911964
0 0.8706027994211851 0.6231714565689567 0.10583828925077725 0.23598413879807012
0 0.5480283913592683 0.7931434427725343 0.16207287869919879 0.26350121266133203