0 0.52942687595923 0.5281653994635376 0.11296916560701079 0.21354583148532652
0 0.7410035143268325 0.5200931071584012 0.14535533070981826 0.2761214261954198
0 0.30178855899516643 0.6537514154603146 0.1719942403647444 0.3010150103821694
0 0.655323104419805 0.6123723414439729 0.20630353838727303 0.3465851156156063
0 0.43850730899516643 0.6617143758566014 0.17645178344359458 0.4537759893354821
0 0.4042419336170141 0.7703235364081799 0.19665502279993277 0.4533965577372161
0 0.5982158087430649 0.7447529309629815 0.23920315571965353 0.43875720506402766
0 0.8509855296620714 0.7084870201996413 0.23618741636331536 0.4401376945406842
0 0.6457960130663248 0.8731881720726979 0.1840900487788332 0.253623655854604
0 0.8932226701233608 0.8560669464656483 0.11762381461827509 0.23560284200867015
0 0.3409885447452085 0.9206750629988878 0.15308071337743775 0.15864987400222433