0 0.42083947589895365 0.45899870024782724 0.06535052616718495 0.15919793758467105
0 0.6481678153473751 0.4973938941640764 0.05118161035393456 0.18337906603337367
0 0.33217108902489845 0.48784299525030156 0.047313157708981105 0.19719590456798422
0 0.35941612848743726 0.5009538268875074 0.06965859456891899 0.17967421189493055
0 0.6144067363517103 0.5462507960185272 0.05834166297065302 0.19933161465389268
0 0.2683507837067568 0.5421343475797222 0.05925171558737148 0.21495661465389268
0 0.29857661000099867 0.5663055099496227 0.06477367349399668 0.20278416327441154
0 0.90447727048199 0.6455702018297069 0.07745568401734033 0.20656426051544957
0 0.3700112652203182 0.6160022947753317 0.07129668927901225 0.20779921189493072
0 0.6628280967762319 0.6554929992070304 0.08699728398910551 0.23666119629109836
0 0.7092172493647155 0.7030983395506636 0.06638240514873246 0.12342421189493055