0 0.57578125 0.36618145267916086 0.0765625 0.15982042759490128
0 0.39140625 0.4672541150505557 0.078125 0.1692045179539809
0 0.21953125 0.5448165545493137 0.0890625 0.1802056504675381
0 0.4828125 0.47922232904439815 0.08125 0.15984769867214013
0 0.78046875 0.4446781156397309 0.0953125 0.1818045119038567
0 0.17578125 0.616946084603543 0.121875 0.20070904800821018
0 0.41015625 0.5687075307416004 0.0921875 0.2005363311856975
0 0.659375 0.5586638684684013 0.1203125 0.2131999576491305
0 0.22421875 0.7080705334720748 0.096875 0.22400110226293624
0 0.43046875 0.6545268560735653 0.0953125 0.22711701190385652
0 0.7484375 0.6175207180008632 0.1015625 0.22871587334017515
0 0.55 0.7163314436039745 0.1203125 0.21632495764913048