0 0.6969808039465478 0.3364819548220936 0.034594270687453486 0.15580346091032524
0 0.3807109139481388 0.350591220743087 0.06137494668999892 0.17672173879011233
0 0.4921023999443207 0.36959669907221776 0.05041926535645338 0.17426641848667063
0 0.7096257072724573 0.3900853158822001 0.05508858402290802 0.17308655575957416
0 0.2608796719446389 0.38612972120212896 0.05804995202099903 0.15927914727484324
0 0.45502911394018464 0.4030627743766294 0.051963584022908196 0.1728314642443051
0 0.32846661394018456 0.41339398074502676 0.05174540802036267 0.15408146424430508
0 0.12700411127468453 0.4212536334798817 0.07371131468808993 0.16367960485118865
0 0.7669740359245945 0.492333599970905 0.12322041868236297 0.12557356909549391
0 0.23398936059836678 0.48354672620309885 0.0663897106938169 0.20522937606301586
0 0.31524790392268537 0.5432568239272857 0.06644425469445325 0.20991687606301604
0 0.5084070105824584 0.5782223999806033 0.09860222668681722 0.15634533697334127