0 0.5433178101747791 0.5185001732575035 0.11385922618081654 0.20906701201463562
0 0.7379423368969564 0.5935530752307775 0.1468823263391011 0.27036813868554466
0 0.28636311652212754 0.5457006619589564 0.172609752045064 0.2956590400222717
0 0.6224249854850307 0.644880312579595 0.208257747030499 0.33980902936027135
0 0.4064195522572203 0.6067825179424118 0.18005384217421874 0.4441329026893627
0 0.3297230084462842 0.6928023812858204 0.20036634217421873 0.4443692600254533
0 0.5156317647144903 0.745308121260367 0.24058216521461465 0.4307794746976349
0 0.7641087171426305 0.7947428578930957 0.24891149076229305 0.39495106269890756
0 0.5001167618114966 0.875913231261958 0.1834275801000249 0.2379919906906352
0 0.758772696292948 0.9244485392266413 0.16636444906292808 0.13470335868872638
0 0.1950942926903089 0.837289272636865 0.15636497492717538 0.22049540802036277