0 0.6187455760976291 0.31535011113039335 0.1467852245643247 0.3077354472421071
0 0.4599335022763116 0.329274645190086 0.1049915227450791 0.21336382096198286
0 0.5993748378844534 0.3632261690087837 0.233561786598818 0.36421223137238695
0 0.616376093261137 0.4331368506070497 0.11073210049533806 0.20279034200867016
0 0.23278880541946473 0.35497040813250413 0.15092476095825474 0.26278696828879455
0 0.8009265676205738 0.5190002139447559 0.11611311331561965 0.251409852532014
0 0.44295570988652544 0.45959918202178895 0.17175099131354762 0.34191302616718494
0 0.677142311210433 0.5503628769859961 0.17730747849326606 0.29393055247554417
0 0.6839830084815646 0.6878705822617854 0.1869735769216895 0.30072658404557534
0 0.2078272309789746 0.6065252028567149 0.20212769602827735 0.32498313140062185
0 0.4722064464470713 0.7516277873258131 0.23977755334804093 0.3972977471574026