0 0.5707680597156751 0.33032606518934404 0.10296241529826115 0.2435801669304743
0 0.6476487222834617 0.3827858239648327 0.07586462587425799 0.4193243130112661
0 0.7656992855151783 0.39341578391482024 0.09298745159900648 0.14018238229073815
0 0.4366930415653025 0.3857984783588947 0.0762726502711466 0.22093227711788863
0 0.03920496320827545 0.426275343494367 0.07501013212077387 0.2724493130112659
0 0.3871521046988232 0.46615957977082045 0.08133285499341074 0.2851311694377568
0 0.7586867371141847 0.5311431044479337 0.07481923458010194 0.2396368130112659
0 0.26667649911623725 0.5759330480340783 0.10968511397040129 0.325012023356965
0 0.5317020562978296 0.5994768819615338 0.15021921037960517 0.31056909012915473
0 0.7489946163080923 0.7455238531942925 0.16634418012898422 0.39696123119538135
0 0.4272059747193486 0.7697332091585647 0.1290714391059744 0.43493259263643724