0 0.6682843567669828 0.4987138372454131 0.09274986859279988 0.16818747334499945
0 0.5125954308735399 0.4567546985996394 0.0837913626613009 0.13997156667727212
0 0.3180204185162502 0.4003972526257291 0.09632053756616062 0.17916133601209036
0 0.6529259536109528 0.5629854225811858 0.09405770060802236 0.161955654678545
0 0.8251776384016445 0.6469593385582778 0.11232753954332679 0.18871814934754488
0 0.45559069718516226 0.534798429941139 0.09648236364988402 0.14480451734563574
0 0.29086235231835855 0.4820017886298653 0.10320720752810449 0.19485906134627218
0 0.5888780410633828 0.5832711979233217 0.09144203657757739 0.17441929201145392
0 0.4053943790101043 0.6072915952816842 0.1103830375661607 0.17932496801399936
0 0.5650187298084071 0.6882859619271396 0.11596187551288217 0.20125451201463562
0 0.7579184956257378 0.7610769299013682 0.12348521543676991 0.23257723734881744
0 0.3818043231923359 0.7380966999522749 0.1795097223568521 0.266026084022908