0 0.388961458979327 0.44045433987194443 0.048896179826504495 0.10714464206513999
0 0.6453616533038009 0.42318572695776124 0.06195738433001132 0.09233868942018653
0 0.5046470157345871 0.4570664452465557 0.0506589389258032 0.1103606473268119
0 0.3434498974437048 0.5069284793062485 0.0560473457733484 0.1215711631118273
0 0.74180705429125 0.4728301402107629 0.05837130937615385 0.10925317363517095
0 0.43157165870247177 0.5407126741292811 0.06566217766703612 0.15015118942018651
0 0.502915732576595 0.5326656847232121 0.04214553207825791 0.0989681210184525
0 0.28601932680878395 0.5772101582030913 0.06103523442229637 0.12653167889684286
0 0.6938120404115894 0.5659122822759028 0.07906334361388012 0.16494173151356134
0 0.5120718846437784 0.6084091373681655 0.05462454811738695 0.14795165258848364
0 0.37223862662421386 0.640681853026124 0.07984339605020363 0.22569722099021766
0 0.32615536860464933 0.6674942529837719 0.0772214389258032 0.11190773677523325