0 0.29252774753598987 0.5001905093321956 0.055546698025101725 0.11178297970746058
0 0.4972047555555544 0.47951731939573977 0.06043445712440043 0.11498980032431164
0 0.5047471452842365 0.49607357385996664 0.049657643429310026 0.09295115909060954
0 0.33390491672203626 0.5501865551922803 0.07197273442229637 0.12455571509696384
0 0.7413447817737161 0.4532759679330424 0.07948484577334831 0.12000458279171564
0 0.25460864050387444 0.5793052650142384 0.06894786397194572 0.12606366801906327
0 0.686317320330379 0.4820361676087309 0.06652377081949083 0.13694662094116267
0 0.5208344178017704 0.5745667666357962 0.07024954811738696 0.14637616801906325
0 0.22114649599483038 0.6498944545436571 0.07463665946843889 0.1417704886359143
0 0.6727869440199322 0.5467162763750288 0.0781621776670363 0.1480750357138149
0 0.4768445859080826 0.601955381084137 0.07191217766703631 0.14796594155801354
0 0.37008464374307704 0.6446729407439393 0.08401165946843889 0.1419341298696164