0 0.16859385572078087 0.9823588552469271 0.08482128121376697 0.03528228950614576
0 0.5704098999806033 0.5405824625082014 0.10172148091420467 0.13963018577927463
0 0.4327346857362982 0.585138934333581 0.06505065727678297 0.11010451186299815
0 0.49333734588801903 0.582121363687065 0.09786289940087514 0.18774935079830274
0 0.5244598001303846 0.5849572036109529 0.13185526212797144 0.1844625247145794
0 0.24526689452059153 0.673129729771226 0.09556707576345361 0.15962435079830276
0 0.4539083130072621 0.6330326062726913 0.08941267061270253 0.17961851581733085
0 0.8857320110407099 0.5667562792375657 0.10270989606689511 0.17081651878308043
0 0.7202667655826376 0.6540759126219322 0.1205670757634536 0.160643022737413
0 0.13364425512165606 0.8018357085166878 0.10982076546195145 0.2006950197716634
0 0.4712556964871439 0.7662098622041903 0.11160640606883483 0.2225700197716634
0 0.2700920670901481 0.8395333211779885 0.12228881455356592 0.2198906887450242
0 0.752123317090148 0.8591745895039583 0.13584113152302776 0.2142136917107738