0 0.4227502177444083 0.48933169880029415 0.050916144747150935 0.12321625693983033
0 0.33930201695862 0.4915636297065328 0.05458480024766903 0.10164164558877822
0 0.5287797398703148 0.5207040098744911 0.05625861621110388 0.1375791455887782
0 0.9014487983901514 0.5801665384090047 0.06207196856846871 0.12860466378737562
0 0.46195611290584404 0.5171970805094117 0.0444820541766104 0.08541586829088246
0 0.20863421381546682 0.48747451187707574 0.061344222497410075 0.11297966378737563
0 0.4751260469424093 0.5521833497877433 0.06189218610347993 0.15819203423772626
0 0.14126262324492628 0.5291799529623473 0.06839474317557444 0.13056768198597285
0 0.4427844278358215 0.5776234407807296 0.06465331306795061 0.15057979333702498
0 0.5525189927657989 0.6297891132059785 0.05611306699689198 0.13445414558877822
0 0.09009607547845662 0.5908777190014762 0.06508996071058575 0.15995479333702498
0 0.05391882692619868 0.6484992543189366 0.08086050992479746 0.16408108883351816