0 0.5415291405951852 0.5584598442159832 0.06351924936345306 0.2254242052052021
0 0.3516757525859583 0.6154169575536894 0.05636018268618095 0.14693518415851478
0 0.5011035879217308 0.6061392100433509 0.05517949069063519 0.17965667889684286
0 0.6826808519255488 0.5885708203972854 0.05815904002227157 0.16733868942018654
0 0.4014939392505038 0.6339541259271886 0.06437267735518085 0.16457771046687403
0 0.5631126919160039 0.651966920510225 0.05523403469127164 0.18434417889684288
0 0.13303374590232267 0.7277672261813024 0.07723630402608972 0.19655575256024882
0 0.8872950792489129 0.6739755123071336 0.08995448002863497 0.21603379465362363
0 0.3352411359007318 0.7512711575678068 0.0753283586887262 0.16677724729857674
0 0.7210246419080497 0.7197977045699175 0.07094994135899882 0.19306673151356152
0 0.6765655698997775 0.7781870572431058 0.10265447469763486 0.23394933674699825
0 0.16628095588005096 0.887188457836038 0.10895901869827132 0.22562308432792405