0 0.39853432295127267 0.3030711711117601 0.07047079117755661 0.1056047425071295
0 0.5276024568198586 0.37412738195046397 0.06019462523071262 0.09072203628657398
0 0.4231454942967874 0.39181175089495457 0.12485550740125557 0.2268932736099072
0 0.6585940360926528 0.46366019071564946 0.08936049352159507 0.1336709539114814
0 0.24761337060723418 0.3426886201222691 0.08194851172019231 0.139237448727685
0 0.5014917373569571 0.4300157969834732 0.08164812307124443 0.13454994872768503
0 0.451010876005905 0.42977108067814906 0.1310053778516064 0.22587757775694417
0 0.7089061142857127 0.5392760539106959 0.107488732262828 0.17410046427907383
0 0.2431273272702093 0.40056947064064874 0.1364753254152828 0.16576028397749987
0 0.46048840068290725 0.5485798692737973 0.09821386181247735 0.1748427580585183
0 0.6514359708564028 0.6359746881237514 0.10855058451458141 0.16642466531583314
0 0.27247726095422514 0.5487144447216672 0.16155447100406112 0.21767409849212935