0 0.3780618883672898 0.1322202732701045 0.04901019262201593 0.09956489532659725
0 0.27039483411256365 0.15471090947864607 0.0623828670936593 0.24985583605604172
0 0.43629254488495217 0.20544087414378506 0.048147650271146605 0.21984102773541672
0 0.3739334454506863 0.22820492049656282 0.051418096016420375 0.24491376291777786
0 0.03716015329620859 0.21099270459715283 0.06107489714788852 0.2935694684648612
0 0.578035138170898 0.2665446411456255 0.05468854176169415 0.2699864981001389
0 0.5460857014026146 0.2798616055264241 0.09677604781181852 0.253780923062014
0 0.452326611043535 0.2761170500555906 0.11405445140261464 0.26980596656500005
0 0.328321484481906 0.30994457655673635 0.055960150271146425 0.2200228656913195
0 0.0637731711519936 0.354561519851632 0.0800794272021178 0.33775587955902786
0 0.5282174662333375 0.4309876944322574 0.15337148145684393 0.3144651563445139
0 0.30684698116225634 0.5125422464846183 0.13016124043383437 0.35298214247680554