0 0.28345193862126133 0.44701629707269797 0.08050712523071261 0.09030575256024882
0 0.3877784932170532 0.4342726443430401 0.0810869185677376 0.14793624203690497
0 0.44783461366740385 0.4393388469174062 0.1112726711886312 0.2788978157003109
0 0.5246474375415271 0.43989185473932685 0.07549825262089378 0.1336007262518894
0 0.37649173735695707 0.5002693706655167 0.11582046884459274 0.2526993367469984
0 0.3442905066352885 0.5132930154320797 0.09951554595791849 0.19259629465362363
0 0.2916067951919514 0.5400228444277446 0.10816865514950225 0.23046031570031095
0 0.1474388857235125 0.6727758892931297 0.14677008019564478 0.24983194198043535
0 0.7960241849206335 0.5858692965785878 0.14530770974529403 0.2513034367187636
0 0.36144082896825236 0.6617151048805011 0.16329624614248867 0.26480449459715383
0 0.5900071175249153 0.7048258809770989 0.16025039173126707 0.3144404735504665