0 0.5481108103636734 0.37590518013758334 0.11328401784613931 0.1582341406515056
0 0.3738785597389735 0.47471224628698494 0.11389932448483524 0.14578870435383653
0 0.6128361611935104 0.3752032864908528 0.10570831618646537 0.1610863221398513
0 0.7623751425221783 0.3349180484717524 0.11470480788809567 0.17698414065150567
0 0.5248140977063374 0.4468451627143882 0.11747461037760658 0.1724057680561673
0 0.9075692433520155 0.3314061241549828 0.12720480788809568 0.17742065027015244
0 0.7658059506107667 0.44388382070427096 0.13305298880184538 0.21346727767481416
0 0.6663019354639198 0.5128099246952877 0.14084217801396443 0.23399803248413759
0 0.27952121803269886 0.6813739632546931 0.13208248465266034 0.22122521397248338
0 0.46981525392547024 0.648236537123825 0.15201647635429066 0.23750497840045348
0 0.7482022082844366 0.552804952918256 0.1681150730349426 0.24430061542376222
0 0.3994542871189493 0.7130282126217209 0.11870522365499828 0.14751489546082902