0 0.6833433011732771 0.35078125 0.05496529691210785 0.1421875
0 0.5076910259455337 0.39921875 0.047316488019100336 0.146875
0 0.348516922587489 0.42734375 0.07440477767481415 0.1171875
0 0.6633780307548571 0.40546875 0.04709823320977691 0.140625
0 0.6130977777596323 0.4421875 0.05841767912609299 0.1515625
0 0.28114093882955793 0.4890625 0.05205855172143128 0.1484375
0 0.5459846888295579 0.4890625 0.05452878729346118 0.1296875
0 0.6763715932760616 0.48671875 0.05369546279135697 0.1953125
0 0.8088567110620766 0.47734375 0.07346232576804823 0.1796875
0 0.6389286461786192 0.55546875 0.05811014427970278 0.1875
0 0.35712557467174005 0.584375 0.0621428798517325 0.16875
0 0.4691097086998237 0.63671875 0.07698911905195924 0.2359375