0 0.7349702885594054 0.32029958338468295 0.11312502649368775 0.20492614357108555
0 0.37578626151756345 0.35300014252217843 0.13594745680090714 0.2783403327832049
0 0.6829762573412121 0.4464369535105518 0.17586810707105976 0.39512601369695444
0 0.4273611744015876 0.43917351824712475 0.16634428493120837 0.3009024170163023
0 0.5458309214063627 0.46701233048489793 0.1346230589778255 0.3296660344428789
0 0.07514142077339055 0.3796982327785606 0.13424111306150946 0.31872853444287885
0 0.6002654502623033 0.5004867586993551 0.20993557222466935 0.4335498962703781
0 0.48563003138782934 0.49272364812125585 0.13849210344286256 0.30658373195336797
0 0.42850206686719183 0.5840007661725323 0.18722226932211167 0.3632607070582587
0 0.14299858728561182 0.5508027155571211 0.1870040145127883 0.3570107070582587
0 0.6057243096956156 0.7241018574545997 0.258134970047751 0.3857761697155947
0 0.3081499052491119 0.7490006493706558 0.25114092558271395 0.40862167386477954