0 0.6479120846573048 0.39828712324954935 0.0667642153566284 0.1600113466740906
0 0.44211237055007613 0.4272677406110935 0.06591211037760658 0.16936816534054522
0 0.25538196515613576 0.4396057506365468 0.07744160622842174 0.1773079346753633
0 0.5267959464848039 0.4716348112667303 0.07133331618646536 0.15850339067472702
0 0.8223820562377104 0.5440434238940502 0.08381000539858477 0.1789431600095451
0 0.1921016377715156 0.491950047979001 0.10999399710021499 0.19485906134627218
0 0.4311175161957542 0.5298296666136387 0.07765509378086702 0.20072725334181776
0 0.6724305230442315 0.6083433759150494 0.10793458963168216 0.20888519867918126
0 0.21319723300227517 0.5949205066438648 0.08099358133331247 0.2241829346753633
0 0.42602911972488355 0.6174660266152296 0.07966787967363853 0.22728975334181775
0 0.7415608765733608 0.6951161225732315 0.08435537967363853 0.22734429734245404
0 0.5227283662003985 0.7172109406031393 0.1064904888018452 0.21042951734563572