0 0.5950287445847572 0.33654257977476365 0.07391289152687505 0.15714286660488855
0 0.6370889580156253 0.32960060981183054 0.094479964665139 0.1687896947351896
0 0.47446297786725733 0.3970485485565704 0.08321515634451408 0.1543452488188736
0 0.3249545935585768 0.45700144583149793 0.07293096656500006 0.11495536660488845
0 0.6016612575025351 0.38635160681660563 0.06893445079743081 0.14447917549789596
0 0.28284113516170184 0.5288417294967619 0.1108673776591667 0.135014895460829
0 0.7156873899113545 0.38080595654645316 0.0775834053945836 0.18068949400955026
0 0.5365285264042365 0.4769790960168324 0.06991506933854161 0.11953373920022692
0 0.37277645735003523 0.5632315984639031 0.10570840539458351 0.1816716406515056
0 0.8508261093261462 0.40892597814599957 0.10926981648875014 0.2005307680561673
0 0.6435058782278477 0.5045187642583342 0.07896406743868063 0.17293155771188112
0 0.4699976026766325 0.6083134307705554 0.11613806553881964 0.2273115228654909