0 0.7074890673933609 0.43401499057132253 0.12456583736472596 0.2326681440165448
0 0.41050607407699646 0.5624876252785025 0.14480561203054415 0.2266545013526354
0 0.7868856660566337 0.4080877425605049 0.14329765603118041 0.23132382001909005
0 0.2274583114258139 0.678695522636865 0.14346128803308938 0.24538632001909005
0 0.6855237080680878 0.4936536199077315 0.1560340133672712 0.2517817706874535
0 0.35971628075267786 0.6294938592855022 0.10930336935072642 0.12937951201463563
0 0.32422422342454127 0.6681932799570474 0.15910446936663494 0.24713063335454458
0 0.4247963880887687 0.6490518339433662 0.14664083203372566 0.25011018268618096
0 0.809379378739633 0.5281547945576414 0.16878855203690718 0.2738022213558171
0 0.8958435900699968 0.5052707305458692 0.15601583203372585 0.25021927068745364
0 0.9483300540260897 0.5163349525382331 0.10333989194782056 0.2871920120146356