0 0.41120852174234157 0.4951904135733344 0.10416347316352947 0.16632001977166339
0 0.6271851727297907 0.44866687653864634 0.09755252775932136 0.1847516847906915
0 0.3418763332779638 0.556260564752198 0.09669093460686647 0.19562551779449713
0 0.3716639628276131 0.5590327376798914 0.11317752775932126 0.18538835475263546
0 0.6154151603912895 0.5081864565767024 0.10792882325581452 0.20075868676785796
0 0.30547656076042984 0.6326983893530466 0.11195498920265834 0.2149485207602467
0 0.34133371760797504 0.6450683967674203 0.1144792119047624 0.20570085475263547
0 0.9100069671465498 0.4968138523555396 0.12737973010335962 0.2124601907221905
0 0.4229539574289422 0.6663159970714315 0.12269223010335964 0.21226918973360737
0 0.6981659060723528 0.5957129728883248 0.1449071915466968 0.24278436068413445
0 0.7576806084163913 0.6246311517475173 0.09571062307124442 0.13169035178688587