0 0.39980622404457655 0.3715423944834082 0.09945251038216937 0.15314436525911973
0 0.5693690241716335 0.5020405978125446 0.10025614718563744 0.19374209172016954
0 0.18157216353535033 0.3933021663975055 0.11460707352223154 0.1721398271096728
0 0.7373462084713226 0.5927632349890569 0.0913669945971538 0.14832049756436802
0 0.38171710572754713 0.48112194602553576 0.11239212613895014 0.18771028003177204
0 0.5210001426298373 0.5419076672115797 0.08437354195220052 0.1622466298696164
0 0.7925881743410427 0.6760882037394688 0.1252407366340588 0.22071369480442443
0 0.7139472348502689 0.6595104042259361 0.10154563140062187 0.18908186525911966
0 0.39000077161138474 0.5800952341749828 0.1289271787556685 0.20360801542127546
0 0.3072792768730566 0.5799782317393507 0.1467363050357929 0.2413807508107789
0 0.4872937295885971 0.6650275673737355 0.11375720506402782 0.2111477800317722
0 0.21423566118686307 0.6900856631510945 0.13598081555913666 0.2443148360381265