0 0.3593438101513462 0.45382145423128495 0.06792558451458142 0.15814884328594586
0 0.5867376249261709 0.4543628514773694 0.055465157308970704 0.18306703005422928
0 0.27055261798634056 0.49785273448190603 0.05314119370616517 0.19554884933607006
0 0.298176970238094 0.5058288609453392 0.0738146391103733 0.17692611436318478
0 0.5535956554632693 0.5080963846548567 0.06261632325581452 0.19716589149054792
0 0.20697217690106906 0.5631323008368806 0.06361761875230769 0.21279089149054792
0 0.23780187230527722 0.5820686531980128 0.0691667119047624 0.20188975292686634
0 0.8434103246493155 0.559019576982285 0.08186697100406093 0.20508747579950323
0 0.3088362631136935 0.6199959000747548 0.07571710055371046 0.2066136143631848
0 0.6017747347360635 0.6099770472226433 0.09148180289774892 0.23325792759490122
0 0.6484401812200057 0.6501071435336513 0.07031010487264702 0.1222386143631848