0 0.6001085124953847 0.3774627331795459 0.08415136181247736 0.17275226099766217
0 0.443979626005905 0.4359408518555222 0.0777616594684389 0.145834563487173
0 0.24745627699335415 0.5060318993706556 0.086514898209672 0.1853706601678251
0 0.6155845157345872 0.43926399355250806 0.08531334361388013 0.16662066016782512
0 0.8051173851052038 0.4054656435478637 0.10264054595791876 0.1943671518694554
0 0.4291277791528224 0.5342482972914189 0.0888994185677376 0.1497883576783142
0 0.2607992813122908 0.5889861093286994 0.09220369370616517 0.2013508576783142
0 0.5684801758213349 0.49492292031707275 0.08152700956072394 0.18032796265733603
0 0.4187328948228111 0.623665994801908 0.10047726866002264 0.18487375269929238
0 0.5955154403193044 0.5947210881585677 0.10656658235511304 0.20710395020978148
0 0.7989000586101866 0.5388817947926192 0.11033193244739828 0.2415973493799445
0 0.4567662160760408 0.7459544692820987 0.16682176434108592 0.2738663203356502