0 0.5296875 0.2981080918088857 0.10625 0.10963617328319834
0 0.375 0.36668465570540576 0.109375 0.21446922249741007
0 0.175 0.4698695059958561 0.13125 0.20142556699689199
0 0.434375 0.3882000907754284 0.1875 0.40248295285270286
0 0.76484375 0.31140442017831715 0.1609375 0.2278082845319033
0 0.6078125 0.4056530721641785 0.15 0.28667386228216235
0 0.57421875 0.4478384181114026 0.196875 0.34041960049533804
0 0.7109375 0.4229561962331651 0.165625 0.30771410835322077
0 0.80859375 0.5517233591772812 0.225 0.3495420434232434
0 0.3796875 0.7536217295267233 0.2203125 0.3727612196019258
0 0.6671875 0.7021685072342011 0.2359375 0.3906764656729845