0 0.399131389857827 0.371879274470902 0.07545356826055967 0.17372276514684692
0 0.5202860530402414 0.38836618961310465 0.07656104195220052 0.16602866431701005
0 0.5347433951900861 0.43393879874131136 0.08217400512049763 0.1555647609976621
0 0.26713096096098415 0.4347722060093515 0.09943709983059072 0.18487375269929238
0 0.17765893728346083 0.4485522087086439 0.11413663666229375 0.19687684523075966
0 0.6983138005505799 0.5234362387786232 0.0907901419239657 0.1966633576783142
0 0.35081644524655575 0.5069889028951406 0.08960707352223149 0.1763508576783142
0 0.4523943557981343 0.525737057664381 0.0827200366905286 0.16493976099766208
0 0.19305715315318098 0.5313880194965245 0.10621772084904331 0.22116645020978148
0 0.32282868216296334 0.586889890447586 0.10080217875566859 0.20831125269929238
0 0.6223743848785038 0.6520833022657964 0.09088114718563745 0.1982258576783142
0 0.41179320064940195 0.6485951398228861 0.09713114718563745 0.19869945435896633