0 0.5463461965308408 0.48735926125877616 0.05533291549465282 0.11157384667409058
0 0.3442297055078313 0.45065124395291123 0.052135192622015936 0.09903748400699967
0 0.4526280127876195 0.48298139127150286 0.06614315046753809 0.08982611600890866
0 0.6724269074996211 0.5686990732415952 0.05058178298109546 0.10058180267345414
0 0.5889149707313377 0.5556092745862764 0.06342721662612102 0.16010225334181777
0 0.22683767242853986 0.4871710939688196 0.07118517447164337 0.15081816000954512
0 0.45302746770627556 0.5485973006047301 0.052153373340175155 0.10216248400699968
0 0.5028774767814619 0.573796747931276 0.061801084112563666 0.14914657200827222
0 0.6663127420049682 0.6797002079090042 0.08683744554888229 0.15568747334499947
0 0.2676075972929666 0.5960642886298653 0.0807601623713949 0.18530224801081766
0 0.4298621575978169 0.6363609299411391 0.07288402985783762 0.17427384134309049
0 0.5603485674351291 0.7660836979233216 0.1293067466803503 0.2046158693507266