0 0.8185320652062007 0.553963265748325 0.08980449459715381 0.15303175684847722
0 0.4365701626883043 0.4628478165874507 0.077972352532014 0.11013386182749904
0 0.3290082916698518 0.4349022605734548 0.06841534200867017 0.10629846680652104
0 0.6315557099727638 0.5367435674126433 0.06748987884037305 0.11711756763635801
0 0.5086950626459521 0.5021103035151961 0.06767188936371689 0.12024256763635784
0 0.5498128863093579 0.5209661246760391 0.06152830517696728 0.09488737012586874
0 0.5591346784027327 0.5328149292401425 0.08916745776545092 0.14209425684847724
0 0.2783936416416169 0.46855613277391617 0.08220482622365459 0.10267655933798814
0 0.5313050809912163 0.5804362130583215 0.07666745776545092 0.14114706348717299
0 0.23263309158514717 0.5316607066340515 0.08705892619541977 0.1326008576783142
0 0.6397160914439729 0.6499064182424803 0.0816279735504665 0.14618976099766207
0 0.18597019418774824 0.5657998309091051 0.1003779735504664 0.14761055103961845