0 0.40111144421941275 0.5301993140515431 0.09905290121604474 0.3228749733449995
0 0.3552086952079959 0.5343504647119525 0.16441259885831752 0.4704408640197263
0 0.8100619743711995 0.6778588481062677 0.12940092889637356 0.4544158746817265
0 0.44164755539783884 0.6626396440563156 0.10291273026551764 0.30261701734563573
0 0.49049623227986494 0.711622584062679 0.12032572334543534 0.2700226933481812
0 0.2321399042189752 0.733604482694135 0.10632157315515496 0.3479476986791813
0 0.7529418355496256 0.8091628447644501 0.1052047421285156 0.35886701734563575
0 0.19060366163334902 0.7682607460216353 0.12934257908665395 0.37632723734881746
0 0.6474876730020556 0.8234396893698165 0.16776840912470997 0.3531206212603671
0 0.3795507565001527 0.825120915380316 0.20475907315515496 0.34909312269254433
0 0.08451017053059759 0.8091937340069997 0.11630406821223901 0.32463746801399934