0 0.35064289189747855 0.47565393373948384 0.09391871120744355 0.17144563206674715
0 0.47235287115155417 0.44281485752934496 0.09344511452679143 0.16519563206674714
0 0.5082069381632122 0.47685234283002387 0.09898471950581325 0.15614818068726616
0 0.2571395004009853 0.5813473337849123 0.1183034045687478 0.18517393939369348
0 0.17985402737068706 0.628279887493814 0.13475719875988892 0.19693031094499086
0 0.7055671902378047 0.49111731795393754 0.11120129958972598 0.19413950361804452
0 0.37092931326345846 0.6116257332645141 0.10821800954776961 0.17530761646291496
0 0.47540424832639283 0.5888643419255127 0.0995767153566284 0.16396068068726616
0 0.2352151109790846 0.6947137929663094 0.13016478714217125 0.21847776232447202
0 0.3836409555851442 0.6922958791260709 0.12308599295103013 0.207212713703953
0 0.6971958153380509 0.6326463986866321 0.11300059793005204 0.19734639077317445
0 0.4974783126387585 0.7115958350281077 0.11768809793005204 0.19759205223856355