0 0.7100661156628615 0.45505184093554096 0.03861030681713338 0.15605855242559433
0 0.3941274699649326 0.41131884789336476 0.06393758928453738 0.17684928454774695
0 0.5055968039744643 0.4508433466854168 0.05456258928453739 0.1760840100019397
0 0.7235206895261234 0.5107597069966172 0.0592228157455871 0.17490414727484324
0 0.2742377098186629 0.42571657455550554 0.06207508035608367 0.15953423879011233
0 0.4686150012145207 0.47746974850218793 0.05450804220663663 0.17295901000193972
0 0.34202522767557036 0.46557604213379056 0.05574325973923262 0.15433655575957417
0 0.14102578936396765 0.43668641227775273 0.07778190097293472 0.1654971963664577
0 0.781652563713697 0.6231638542714604 0.12548301542127546 0.12726361485312837
0 0.24854400892515843 0.5180157737969011 0.0706785129856435 0.20548446757828492
0 0.3309804078694982 0.592616903193897 0.07076033360249454 0.21017196757828494
0 0.5241088449632849 0.6622112813829448 0.10105575973923261 0.15803538273097573