0 0.7233384924116455 0.5748191335373477 0.05530258010002491 0.23875866311182747
0 0.3995145475053528 0.5426997943712749 0.08448997492717539 0.22330026308359247
0 0.8064692411580043 0.5905799124059556 0.0799843313536659 0.2292772472985769
0 0.1846169732113157 0.5551410682605598 0.0742344365265156 0.24610072625188942
0 0.6792989873970807 0.6159299809488641 0.08687082884638357 0.2515162683452644
0 0.3264096681176085 0.576658294441862 0.08139841567683304 0.11705026308359248
0 0.277759219450392 0.5933228786991988 0.09289350831327017 0.2440677893919517
0 0.3777508592629776 0.6256642128153611 0.07597879295300629 0.25244173151356153
0 0.7786517812080168 0.7067285571725186 0.09371186223247854 0.2721927893919517
0 0.8666291543275548 0.7282311018261423 0.08834240063313814 0.24848227360693614
0 0.9422800236861694 0.7817726017555551 0.09260400329870536 0.28772678413027997