0 0.45781512932123736 0.39333695907415744 0.06871655925034226 0.11160692182065049
0 0.6871653116911178 0.4975628470959671 0.07777331050398359 0.10143469636645772
0 0.5514718525990601 0.4632192822525371 0.07193248746358769 0.11498701333591957
0 0.3924772858268703 0.4354764037736252 0.07850073620994653 0.1264346963664577
0 0.750921586301724 0.5894635625482202 0.07818248746358769 0.11549719636645772
0 0.454884009104693 0.5079096421046956 0.094898626022532 0.15427265394280312
0 0.519878523290458 0.5347115160416797 0.060631274610606314 0.10159419303247788
0 0.3145257820659466 0.4747299645341692 0.0848871285298145 0.13163237939699587
0 0.6721577403000746 0.6546259190663988 0.10941576708875882 0.1710455657615139
0 0.497796586301724 0.6101259752850149 0.08382473370266404 0.14869233363936124
0 0.36286164515635494 0.5749373875627677 0.12506951082055268 0.22688097758022466
0 0.31283891310304357 0.5782376018070728 0.09555184389007838 0.12315019970043757