0 0.48159467414713364 0.516306945382188 0.1789236744015877 0.47409472948277803
0 0.6008605401190499 0.571469183698681 0.1299702753125615 0.27936280452090295
0 0.5146130160724327 0.6007371499793408 0.1241022212288776 0.29015483415618065
0 0.11171619456555362 0.5624298776591667 0.1631845685964723 0.3363401563445139
0 0.8755628958393473 0.7655153501111813 0.14416175008481816 0.3280912452503474
0 0.3313441590861911 0.6543310094023962 0.15290183302444255 0.35483558320625014
0 0.7415499943880683 0.796799104860834 0.24530758783376588 0.3632312710859029
0 0.19092749021171712 0.6674823599917363 0.1522123522617363 0.37979921561506946
0 0.7150742852249085 0.8958275251699656 0.2031151094333122 0.20834494966006895
0 0.4129487900342319 0.8864135447372572 0.14261411905195925 0.2271729105254856
0 0.04645332623138458 0.8091762846692709 0.09290665246276916 0.22772756933854196