0 0.37393663048486736 0.4021515667730906 0.04117163387576941 0.1304875870059723
0 0.5322437754419133 0.41131162727791715 0.06099281094499105 0.1215853656913195
0 0.3009118882867835 0.4074917237831947 0.029654279737326393 0.14894664627652787
0 0.3945800011316537 0.41123627925402817 0.0370573439616777 0.14131598423243047
0 0.28874940298610463 0.44553658444052113 0.03310682835784551 0.15526938145888886
0 0.3146634497976013 0.4883787010817711 0.025615232925829724 0.19098867591180557
0 0.062278756220036424 0.4832865851061111 0.04248182835784544 0.15548758700597212
0 0.6828092622129303 0.5532660039871533 0.061320359565509894 0.1278353656913195
0 0.6044795443251059 0.5553538744281254 0.10713747060135788 0.0789627610179167
0 0.23548720488598396 0.5663205567051044 0.07455069990914298 0.17183993882958343
0 0.5357395104039079 0.5983395018029519 0.06640400723608923 0.1950592332825
0 0.28516630031799967 0.6034581872140627 0.05686523292582972 0.1917160277354167