0 0.6045473086012303 0.42864949514551043 0.048038605346908445 0.1041010311027776
0 0.38989446260345745 0.43103963769990816 0.052707924013363085 0.10294863421305553
0 0.4530484432686393 0.4364407457111583 0.05890338001272681 0.09880793836009243
0 0.2518944759309577 0.4860380789347227 0.05930336935072642 0.1331829383600926
0 0.7467518952498675 0.5488854997636589 0.05443405601527207 0.11714783524981484
0 0.5541740439210946 0.532174327803427 0.0576317813494537 0.1236712373233333
0 0.49778768391950373 0.5488143151267602 0.08116128270208929 0.2677725518379628
0 0.6317626945815039 0.5714330259654642 0.04974655601527207 0.1167377321395369
0 0.5629399692473221 0.5836978715828715 0.09097154002227174 0.1718544590952776
0 0.3319990519175947 0.5773671250232414 0.07194882001909005 0.14677654665416656
0 0.6406286172422314 0.6143628197449086 0.05637836401972649 0.15009703628657398