0 0.52284200342286 0.4165465417414677 0.049612680836358794 0.07046531930985207
0 0.382207733156905 0.5030799854210659 0.09673703163466155 0.1563371173323805
0 0.5480701550960152 0.48960698332737895 0.08149403361182798 0.16461951089576327
0 0.282244883841477 0.5720870755140384 0.09676620653952135 0.19529035668871905
0 0.3407112998490882 0.5793093496513534 0.09976387254713259 0.19238387797604234
0 0.5294992272254059 0.5415847465689307 0.12007637254713259 0.19380426634364484
0 0.16233960764402286 0.6882751682049009 0.14772121148243725 0.2222241972858944
0 0.8603473206093348 0.516927862059726 0.13215987847863175 0.22269409084927716
0 0.265912935210621 0.7229393813302372 0.13167971741393636 0.24914733020561536
0 0.3679675251345088 0.6987366928464189 0.12265754448624282 0.21891352698730665
0 0.6289487874917985 0.6582255793724361 0.1253023834215476 0.24558528763096846
0 0.7004882064651593 0.652259438659045 0.11003552768032883 0.1385704631253361