0 0.6476686247214974 0.3777072810660079 0.06248291335136287 0.13529551285158128
0 0.5101055373965425 0.44506056022921153 0.05636018268618095 0.14597834486680378
0 0.6185629273949517 0.42891695399370133 0.0664260733609078 0.20573534684397005
0 0.38084529873486056 0.48706367091334607 0.061138589353908125 0.1539818458553869
0 0.7641123320734966 0.5105277568457202 0.0862294960216353 0.16281301779449714
0 0.23677822008272348 0.6000159515594244 0.07082267202418073 0.18092634783255318
0 0.5302918627466326 0.5677340562748789 0.05201812802354446 0.17547484387822046
0 0.6404662940801782 0.5648080330431743 0.07907152402927142 0.21874468281352524
0 0.8149032200827234 0.5764591629674995 0.05990335335772627 0.18204317885919252
0 0.5216804787555414 0.6337410582520452 0.0617749360279987 0.2086693458553867
0 0.2971077400938593 0.6796278557040376 0.08194198535963518 0.196997016805914
0 0.7307747627704952 0.7354295977581911 0.11184766136218052 0.21695668973360754