0 0.6666366792497787 0.28206123247560383 0.1368138154179622 0.39660276232447195
0 0.4332179635212329 0.3581611442796773 0.07495231029746474 0.24381859905006031
0 0.11314068195120182 0.3842820675037116 0.09541599971765131 0.30096935775648764
0 0.5112218661803037 0.38289114936806 0.0783657366340588 0.22218926051544957
0 0.3569060925027804 0.39798828414834053 0.07517909442774462 0.32794793758467106
0 0.22947133724110852 0.4062245872914153 0.04920885765251137 0.25648901741285446
0 0.31335351357770264 0.42363673733684387 0.08531295762427646 0.2879780348257091
0 0.18869514782092195 0.4644398790145294 0.08318901550266684 0.3050017605154496
0 0.639408508386618 0.48209885402690134 0.17162988922254244 0.2722512155129751
0 0.20740037421398583 0.544461571687583 0.14734252076433876 0.30992163387576943
0 0.47134948214884587 0.5726873117379604 0.20548822070786912 0.3721626843053107