0 0.7525210272515672 0.5717906614417223 0.07136430121764636 0.14756589067472686
0 0.3661688101323242 0.5149015780553612 0.06610297424624481 0.1022352093411815
0 0.2581968134663041 0.49644138470717997 0.05503792848861026 0.10054544000636341
0 0.5641122314939327 0.5711623107494962 0.052933294549686496 0.1130090773392725
0 0.4393991449796335 0.5470333727323151 0.05162588606495557 0.11611589600572714
0 0.48193746028210543 0.5623862000715876 0.04945760818516849 0.08955339600572695
0 0.49198213997866364 0.5734509694064057 0.07203398091420468 0.1366465720082722
0 0.20826071528307527 0.5333959447008165 0.07158769970043757 0.0929329346753633
0 0.46524442573435854 0.6231873400699968 0.058099026671839124 0.1380454400063634
0 0.16527624770479024 0.6001470926957259 0.07114116061076285 0.12570907200827222
0 0.5769314827018807 0.6823543494191324 0.06316916394474284 0.14278748400699967
0 0.11911885376392686 0.6387096060232261 0.08466152667183913 0.13835452267663584