0 0.49603310002344114 0.37842710467190654 0.08821813836728971 0.12955609604505708
0 0.5692569765850701 0.41001060441980497 0.09935562626704134 0.1646959205506892
0 0.27219614510478507 0.3284810070373655 0.10582379488495217 0.2026329631253363
0 0.5916950579671593 0.4459263250867099 0.1149533551898024 0.16110102698730663
0 0.3023921843323965 0.37322542448596163 0.1374464996072165 0.26888067599857096
0 0.6693246333973202 0.525619542903623 0.10573289129415606 0.18700796312533613
0 0.8134240913410384 0.5897316833649127 0.11372719847574828 0.21880426634364483
0 0.32670586222188536 0.4894460041873739 0.13723742134838535 0.23294317599857095
0 0.7162536546709507 0.6472870932719401 0.11532605991206672 0.22516352698730663
0 0.5118934075978169 0.6053502375916274 0.13264082493918145 0.24824039406758586
0 0.38404566354974523 0.5666533603718896 0.16391809601642038 0.25511310694082034
0 0.22264001005714498 0.6583759566690484 0.17501013212077385 0.2824404314464527