0 0.6188568920610639 0.32009239060678496 0.08638276385373889 0.14421360831306043
0 0.4523179013666888 0.4058657432625047 0.08027831306795061 0.14730224687674215
0 0.3001517797789016 0.4682788639704013 0.09800946856846852 0.1255363311856975
0 0.6067892315981471 0.3778503484523073 0.07686221463952717 0.14103406615858277
0 0.5623821060814185 0.42526115875715764 0.09157968610347993 0.15517837939029935
0 0.24189832403071457 0.5445232014026147 0.08347608767505647 0.1488829275949012
0 0.50329389640429 0.48587140583029137 0.08274834160399784 0.1332579275949012
0 0.6313118885464072 0.4553577249157404 0.09808655128112634 0.19426815046753826
0 0.7604750037240537 0.41703608918072926 0.11171240363849115 0.18497496369925467
0 0.6043448201017732 0.5310026195295461 0.09935795285270288 0.1880272408266178
0 0.3305562555860805 0.6208407825883121 0.09855743217453847 0.17083974082661796
0 0.44888672456883383 0.6473174450579029 0.12973896567298446 0.23662836729005096