0 0.39027381968748837 0.3456603165874507 0.053313398676092486 0.10835787427505376
0 0.6155777266357484 0.40565858815856776 0.07566789578060842 0.22059776514684692
0 0.39717017494033735 0.4650256232261466 0.06571069892376151 0.20738737012586875
0 0.5856140907799375 0.4639805736364206 0.08242731803034928 0.23200886182749905
0 0.8546188019048081 0.4381471663683805 0.07054374813797323 0.210867567636358
0 0.5006205066195377 0.48365537882522397 0.087735556243525 0.2791206601678251
0 0.33188762324492627 0.5127895396177491 0.0837714942090317 0.22743976099766208
0 0.9419154406561031 0.4860267140840067 0.07497869106587843 0.2392293659766839
0 0.3910185665871165 0.6305322240559835 0.10085198635114896 0.25987375269929236
0 0.6011555459089519 0.6317358360839753 0.07461481803034928 0.2314168659766839
0 0.8989915783739407 0.6387498949977563 0.08878863399378396 0.26830155933798816
0 0.3476387859841546 0.8097587053846516 0.14387854838564218 0.3145146311235312