0 0.6081294470617346 0.3922350318032492 0.0389940334984459 0.0666706744523217
0 0.44363245347187547 0.4212729771052534 0.07253858767505647 0.1503469924781525
0 0.6046277655063687 0.4682208702830513 0.05444355913900907 0.16386392319868043
0 0.3243751852749104 0.44742996331519985 0.0651285020669146 0.19226170783841656
0 0.3765391528099217 0.4756398798499627 0.06661822745980875 0.19074467194503927
0 0.567457405291121 0.5099824729486183 0.09132712903138529 0.18522209765100223
0 0.16854687034493296 0.511419570137402 0.11436652274507901 0.21085859514371955
0 0.8872498285743193 0.607071455464148 0.09739734656639669 0.21504598997087002
0 0.2523268649682494 0.5801719186463339 0.08940506410140792 0.24446070533113406
0 0.3570700229499668 0.5951173055559257 0.08794957195929073 0.21321070533113406
0 0.6179390564484128 0.6532407279631832 0.08464478949430206 0.2427618130112661
0 0.6869630382514478 0.6739192893250966 0.09168669396136267 0.12593802586424746