0 0.28544282110362645 0.44782029667415896 0.08494268577927463 0.09204322402541756
0 0.3867479945256115 0.4140435401813371 0.09179486364988403 0.1452500446422688
0 0.44634582901229186 0.40753839570122424 0.1360143903416297 0.2724943831160271
0 0.5226682484799442 0.3929343790621327 0.08659802768032883 0.13266822402541772
0 0.38479156368925266 0.481217403411862 0.13818438539871386 0.24911143019392784
0 0.35512130973491995 0.5004719638824433 0.11551620653952135 0.19094437418757337
0 0.30681380232054617 0.5364464200509534 0.1279180474519924 0.22707278896022592
0 0.18329143619920418 0.693960685472229 0.16468321840251948 0.24801258035608367
0 0.8125663952101835 0.4823382037394688 0.16474688539871388 0.24957508035608367
0 0.39307761308123035 0.6418958047918337 0.18250738836446337 0.26393758928453737
0 0.6258264460850359 0.6393945474882331 0.18597989825029515 0.3108398628234877