0 0.2884194637064139 0.47816429676202077 0.05932000569998319 0.11454310124083733
0 0.49378430690147945 0.43192916308599527 0.06578852698730664 0.11810514381548423
0 0.5019574398212004 0.4484610992240249 0.053321377976042326 0.09546531930985207
0 0.331962014074731 0.5225427274521688 0.07581909084927707 0.12813570767745458
0 0.737086192671192 0.3768217739620881 0.0833038089182919 0.12399451089576327
0 0.2530504102360037 0.5614902489915938 0.07280335149293879 0.12947968639013113
0 0.6833384797979573 0.41167737520292536 0.07200567599857095 0.1403079257464693
0 0.5200411682817754 0.5233846895690989 0.07578623986054148 0.14990144703379293
0 0.22146192062756392 0.6352226799338434 0.08014595792955621 0.14554172896477802
0 0.6717182827641645 0.4777940480994031 0.0837080005042031 0.15201025025210163
0 0.4773402160522025 0.555912966304304 0.07734873986054147 0.15001070767745456
0 0.37088276642051954 0.6107804187859784 0.08952095792955621 0.14619729282674854