0 0.453125 0.38481058666190315 0.1125 0.18599176634364492
0 0.7203125 0.38865040672805984 0.096875 0.2989616599070276
0 0.3765625 0.4091443151224782 0.078125 0.20077553218308672
0 0.17578125 0.47947932241194524 0.096875 0.3098991599070276
0 0.5609375 0.48063082107456284 0.1015625 0.25866444183801285
0 0.4671875 0.5201689324548587 0.1625 0.31448810694082036
0 0.3734375 0.5284570438351547 0.096875 0.2927116599070276
0 0.65546875 0.5380223400160979 0.1484375 0.31037976114786475
0 0.359375 0.554817448042199 0.103125 0.2868987024816745
0 0.6984375 0.6589957577167956 0.1421875 0.30056771857321785
0 0.246875 0.7157006816985542 0.153125 0.3075825430788502
0 0.53984375 0.7705620523851294 0.1859375 0.3739395165957465