0 0.4765625 0.5545746838392894 0.05625 0.10697951186299814
0 0.4078125 0.5900545860067361 0.0609375 0.09154551285158127
0 0.28203125 0.6349293928130877 0.0609375 0.10248301285158128
0 0.59296875 0.5397866250557716 0.0609375 0.12904551285158128
0 0.5265625 0.5667682777175098 0.0484375 0.08478617688202625
0 0.9109375 0.45274285878133025 0.08125 0.11268568380210837
0 0.5578125 0.5899166176413978 0.0734375 0.1529923488211363
0 0.2515625 0.704781636387297 0.084375 0.13625051779449712
0 0.54765625 0.6277840321661342 0.0640625 0.14479784684397004
0 0.675 0.6267228923559771 0.06875 0.13873884783255316
0 0.24765625 0.7663412188968112 0.0671875 0.14180018083635879
0 0.2453125 0.8396832184025195 0.084375 0.16125051779449712