0 0.3374767532214539 0.1106675934721231 0.052144282981095455 0.10420901000193968
0 0.23257562978308283 0.15593190923363695 0.07176695745273882 0.2557395590935541
0 0.40193870814010985 0.17099944453028987 0.055969240630226125 0.22477660151720874
0 0.3431676961380573 0.20625116044158495 0.05923968637549999 0.2500316930324778
0 0.020761951893593953 0.25843438227193377 0.041523903787187906 0.29563123545613246
0 0.5493449732654204 0.2019151204338263 0.06407263212077385 0.2754143303053814
0 0.5187807744950844 0.22080851270769974 0.10459763817089804 0.26154302000387936
0 0.4249807775201465 0.23705500816577185 0.12344763212077385 0.28026106909549375
0 0.30437738602959874 0.29687603150363107 0.06378174063022612 0.2254143303053814
0 0.04689161807561786 0.3959823086345121 0.09102601756119742 0.3447701081851685
0 0.5147649193052819 0.3741886042229688 0.16433625253408266 0.3288897587939917
0 0.3024098441697086 0.5008460543824483 0.1411260115110732 0.3660390724294736