0 0.4275175459268124 0.45750738811961683 0.03683006242753404 0.08853671034428637
0 0.6029798025947721 0.4858530990120573 0.03826501666989941 0.08702877404661713
0 0.7314236669888585 0.48528512542092717 0.04317565727678278 0.10901290145127884
0 0.3877373109297219 0.5364607673383771 0.039125886064955664 0.11666171034428637
0 0.7836875397178946 0.5304686506486707 0.042537928488610176 0.10120040145127884
0 0.6104891557789709 0.549052503458561 0.04614116061076281 0.1262549651536098
0 0.46334295987155516 0.5988491507334887 0.06004416394474284 0.14387897477225664
0 0.5695929598715551 0.5951388189749904 0.050988157276782964 0.10928571996293304
0 0.36195580305381414 0.6141418232361596 0.0498719384905499 0.15287202885594056
0 0.7343091641139206 0.5878198483790851 0.04974439273291544 0.15130952885594057
0 0.6335757115385451 0.6015227390305908 0.0565045757634536 0.157777783665264
0 0.41457036214736825 0.682817412166234 0.07110920970237729 0.14582342068857254