0 0.42957077680246947 0.533114484489122 0.062347352532014 0.10730738585581072
0 0.35309157678835196 0.5146683914373822 0.06612479991529537 0.09190070967712849
0 0.2274237188534919 0.4665133736547018 0.06676183674699834 0.10283820967712849
0 0.5276750768589392 0.5972198339510028 0.06830892619541977 0.1294007096771285
0 0.45928139262983725 0.5744501139347922 0.05326077886860805 0.08506851282028158
0 0.8280251454018476 0.7396814315508567 0.08762036831702957 0.11315927956950453
0 0.4665177689805488 0.6116055115774273 0.08217400512049747 0.1534204065339754
0 0.15589035309671123 0.49764990363849115 0.09211044724210718 0.13674232878371625
0 0.43312144005547115 0.6335511321317572 0.07234397881213823 0.14517125889134022
0 0.5302246822335505 0.7148439815936379 0.07666745776545092 0.13913958271265764
0 0.11028245050822763 0.5409611019430801 0.07528696828879458 0.14219180810555193
0 0.05865976634971289 0.5933925891227985 0.09356653142885676 0.16174232878371625