0 0.44595546494947946 0.37855908665263965 0.07965374525034737 0.13548612141421187
0 0.5942124334143406 0.44306307467174005 0.09524237765916688 0.13446925843752044
0 0.3752247376509031 0.35813497004775113 0.07373105357097227 0.14933036660488855
0 0.463506640861285 0.3947842873782791 0.0799083183886113 0.1464236214142119
0 0.35331402327010447 0.3893750463639537 0.08016289152687506 0.15736112141421188
0 0.366178352392292 0.4390030241314351 0.08397887575930571 0.18715774881887376
0 0.12669631867295167 0.345553091377145 0.08801175911805567 0.15919643992586624
0 0.7000663091736463 0.6309847153232457 0.098512848023889 0.14082838584218216
0 0.624520795305938 0.6049281576113646 0.12594686379145834 0.11212303248413757
0 0.26966768151447956 0.4848115427357566 0.12300500816812514 0.1869593413771451
0 0.5476134564001047 0.6209772543459873 0.1234050516711113 0.2041468413771451
0 0.30680531202343797 0.5376290078893663 0.11235844889756966 0.199077395460829