0 0.531149936076701 0.4299603721008163 0.04945709897381967 0.11476387272903601
0 0.33005890834128426 0.49316122907803683 0.04760365824437507 0.10213632697140156
0 0.44288621666190925 0.46991543452835016 0.06297408510611113 0.09247428454774678
0 0.6798049884134023 0.44199850224671805 0.04607752583555573 0.1035712812137671
0 0.5972827759324648 0.4697884045225312 0.05530836189159736 0.16514651000193972
0 0.2344541611910759 0.5805014745361088 0.06442878875333342 0.15497428454774678
0 0.4688298144014579 0.5278396337697459 0.04764002583555556 0.10369882697140156
0 0.5242258292190968 0.5264367593737198 0.05345492116215276 0.15251896424430528
0 0.7180297273954857 0.5418073125482202 0.08012652393569457 0.15937474212409236
0 0.3153391788585064 0.6565540493814785 0.07304137575930572 0.18998701333591955
0 0.4816006117041661 0.6156904490722178 0.06497430262104195 0.17841178454774678
0 0.6534743052834021 0.6687203699747843 0.12184255167111128 0.2095659318225902