0 0.3926886819394348 0.41936949353702835 0.06766294191141169 0.1117943458553869
0 0.6814057945921265 0.5252096807619967 0.06415943361304191 0.12722834486680376
0 0.5677460362937568 0.5142642049822845 0.07197193361304191 0.12754667984777565
0 0.7854295211469097 0.5708166580245837 0.07507362282516113 0.14792284684397003
0 0.32611556596275076 0.4859468398867068 0.07294243776222675 0.11979784684397003
0 0.5460244016457407 0.5439662924347144 0.066929236102553 0.12266817885919253
0 0.4032099396131047 0.5271992395826957 0.08601112282516113 0.14836851581733085
0 0.5238524811049534 0.6001672128909499 0.09006000539858476 0.18124468281352524
0 0.44855648317954594 0.6071294787082807 0.08960971950581324 0.15474584980971962
0 0.6955722705222098 0.6671597588228865 0.1023232070582587 0.17862901878308043
0 0.20166982778560555 0.6070644476050917 0.08409342531467212 0.14361734882113647
0 0.10504328151987193 0.6180112178710468 0.08920790041956286 0.19055601581733086