0 0.6021902490771494 0.30010037285713687 0.131825003082319 0.309429266343645
0 0.44420776835548087 0.3259248175451412 0.09612973010335964 0.213603314114072
0 0.5859051125876696 0.34790408832826164 0.21920388957179854 0.3622043411013786
0 0.6063992828534502 0.4164684180296739 0.10167882325581452 0.20310285668871889
0 0.21657412168696838 0.37061923055426194 0.13965848704318998 0.261756590849277
0 0.7964049167220363 0.48562333757195697 0.10478283929494339 0.2515403566887189
0 0.43350320095976247 0.45655745851063384 0.15570259407530535 0.34220891535490916
0 0.6732084461794006 0.5269035374557414 0.16499844848652714 0.2930830005042031
0 0.6878345458102603 0.6627646278008154 0.17477396668512438 0.29998856436617344
0 0.20519082896825233 0.6210726986232767 0.1887759099298642 0.32430014951546726
0 0.47816035472498875 0.7427574024423336 0.2244316101144344 0.39523536238870205