0 0.670035538391571 0.44692196018175834 0.0758073286340201 0.13934776514684694
0 0.5384079527085811 0.5037495327924937 0.07026772365499809 0.1482491684661948
0 0.645817711006951 0.49635327511882393 0.08570439212119307 0.208452962657336
0 0.41336133113281975 0.5346658008391257 0.07554721950581325 0.1564168659766839
0 0.7997491170255913 0.5903544966992296 0.10125761452679143 0.16768625269929238
0 0.2804798213845575 0.6364506759393721 0.08693500539858476 0.18368976099766207
0 0.5711397875663785 0.6281817703449392 0.06782980788809567 0.1775814709557057
0 0.681118438811134 0.6341851618414323 0.09915158548249714 0.22190015601864027
0 0.8570656321724381 0.659945868899691 0.07767840456874779 0.1845418659766839
0 0.5690813027132255 0.6932739740792055 0.0828161904615193 0.21134116431700994
0 0.3490181790628717 0.720874142745893 0.10073739627037792 0.20182445435896632
0 0.7886143979439851 0.8124420616362953 0.1318456863123343 0.2228240385920639