0 0.6260157818850329 0.4007861290491242 0.07356805404758582 0.15385417549789598
0 0.44233017865110114 0.450247959626496 0.07899918249628826 0.1384474303072194
0 0.68871717774659 0.4173808628070555 0.06303998982323478 0.16128472958158008
0 0.839866919944674 0.4191467155321278 0.06846447421940241 0.17551092068857255
0 0.592572518090223 0.46456837605389933 0.07282442559888339 0.16942461179556503
0 0.9703495398005204 0.45566951417351625 0.05930092039895918 0.17287699400955017
0 0.8268080772261918 0.5283952299600981 0.07519915309764613 0.21473711179556504
0 0.7201386753717408 0.5689061572720926 0.07634557326946272 0.23661211179556502
0 0.3186480964480685 0.6291046243246188 0.07100297602842476 0.22394842068857254
0 0.5083214280852744 0.6490921981937507 0.08884557326946271 0.23704862141421187
0 0.7931091858871904 0.6321030725183695 0.10603307326946272 0.2376488221398514
0 0.4300636312737776 0.6940897288637897 0.08368668249628844 0.1386111214142119