0 0.4981275994761264 0.41919821528307527 0.08436356436617345 0.1622446506088231
0 0.25363455430358944 0.4275041492316973 0.08109645273377612 0.18217451333591955
0 0.5237013998444435 0.4644948687668363 0.08712793144645267 0.17955969636645772
0 0.3826447111085239 0.4488215555903963 0.1061621547112475 0.14072033697334127
0 0.31652268437331876 0.494612158774595 0.10014138367602551 0.2101400166698994
0 0.44676755924726796 0.5204895193756596 0.09679786238870207 0.20675992515463032
0 0.774892923225454 0.6047859314842344 0.10759325075630458 0.22783769970043757
0 0.016756539220452255 0.5022003577261266 0.03351307844090451 0.22997428454774677
0 0.2687793170409381 0.5886171213519102 0.1292497294689811 0.22649834030732113
0 0.577903308743065 0.6558216283097341 0.11433528763096845 0.12429811151914834
0 0.5062250506972932 0.6810924374032881 0.12038818169855414 0.25529302000387943
0 0.11828229030573303 0.6412951954483738 0.1441206126408036 0.28364116061076283