0 0.5283358360067362 0.3959021138883676 0.0645612015966055 0.16697060087368065
0 0.55945584342111 0.430367379655937 0.06443386760421674 0.16384560087368066
0 0.28935424904859786 0.3842606715434026 0.0983048488211364 0.07565592306201392
0 0.5328442638773454 0.4489725625015968 0.07801620653952135 0.19069904160312506
0 0.21747393186212305 0.46256881592006927 0.08114120653952135 0.19077177678548624
0 0.306551019314553 0.48004529701836784 0.10221771049385406 0.20999455547083343
0 0.2452461047898165 0.4916380668699998 0.0893357085166877 0.20032861474138902
0 0.27440702277459406 0.49721526643315955 0.0987107085166877 0.2005468202884723
0 0.7966560489720482 0.6093963437523952 0.11086319863085592 0.15399912860909737
0 0.6286727115196182 0.5937564260087147 0.12888368676785794 0.09822190729444458
0 0.6150850553978389 0.6441201019205203 0.12654654844057553 0.23241506933854178