0 0.7973549083155531 0.43372183519836627 0.07662588606495575 0.11875430810555195
0 0.30028807392728574 0.3066651071148758 0.10388975879399168 0.1667209272121397
0 0.44018000816577185 0.40443901943981936 0.0896041181871082 0.1442637303552928
0 0.49850282013426384 0.4336320597626909 0.11068189273291544 0.15458480024766902
0 0.7586434814939327 0.5265835773404834 0.10312448424818435 0.15734592721213972
0 0.4383943675588884 0.42631401943981934 0.07582866061076281 0.1280565334984461
0 0.6048646483136133 0.4940536753546221 0.12538212152108805 0.1630522717116218
0 0.11940486468395042 0.33921654962849646 0.11922771637033702 0.18300089867609248
0 0.7663286936122059 0.6040536058765307 0.11546498758216436 0.1750428494618806
0 0.28118777437662934 0.44531023015040516 0.13549044515850966 0.19154114474715095
0 0.39674925937371985 0.5169775607961482 0.11568812818904783 0.1968450748547749
0 0.5599992031551038 0.6813738928896333 0.08992311151914834 0.11003427956950454