0 0.43373358902489845 0.4671478532781844 0.059495368317029396 0.10999316534054522
0 0.7525367969315236 0.4509297705681409 0.05415542093374785 0.12554544000636342
0 0.6434649047957965 0.48425189524986745 0.06187691567207594 0.12407384667409058
0 0.8721135495623595 0.4503201485519144 0.06315098933548206 0.14594884667409058
0 0.4081791231551783 0.5518773892823206 0.06307539462538862 0.11784202800763595
0 0.6399982705525773 0.5186905299172765 0.058478899887060364 0.11934998400699967
0 0.5007761468327017 0.5578359406031392 0.07565098933548206 0.14609429734245402
0 0.6488342152344357 0.5764393952498674 0.07599959983059072 0.17888861600890865
0 0.5844300809912163 0.6115871019255489 0.07748650512049764 0.15079997867599956
0 0.84152994944942 0.569506500557005 0.0883175893072469 0.1759090666772721
0 0.35928513879901947 0.705675098623502 0.07372446828879457 0.13982611600890865
0 0.2767680413875031 0.7519784813017287 0.07342063140062187 0.18822725334181775