0 0.39781061404459905 0.3798249354871417 0.057995506492821744 0.10426237012586892
0 0.5395929651002593 0.4586272095570584 0.048375044642268605 0.08948947510489073
0 0.43690829586338 0.4704033139113803 0.09447056899199797 0.2271796518694554
0 0.6849542836885154 0.5564754815523827 0.07252165665497756 0.131890462657336
0 0.251775365262415 0.41022006266198047 0.06328302434972918 0.13899256763635784
0 0.5206560044675221 0.5127343691001837 0.06473643019392786 0.13286096680652087
0 0.4706287309285718 0.5105080956549669 0.10069329545304768 0.22609074855010752
0 0.7469264038188991 0.636270647943985 0.08414099512873605 0.17178175684847724
0 0.2562213575517773 0.4692282097575511 0.11824325973923262 0.1587615385920637
0 0.49747582873782115 0.6306672303029828 0.0732853157455871 0.17564046265733602
0 0.7038428311734531 0.729226819934665 0.08712962743398442 0.1642060551888033
0 0.3083587816599205 0.6194659307132568 0.13635806006354426 0.21318892946385706