0 0.3961209726458329 0.4877077851510759 0.05250936379145852 0.11014128742738745
0 0.7164698402370135 0.5010640796077765 0.04665940729444458 0.127037688998964
0 0.6040964735957635 0.5239856951997078 0.052873039703263916 0.12576628742738744
0 0.8350925536678815 0.5120636997478217 0.05334581838861112 0.14607878742738745
0 0.36138099031326343 0.5689920184018529 0.05581620174736122 0.11809933664159918
0 0.5962651365897912 0.5580332094677314 0.04963893692972228 0.12093323821317573
0 0.45253266717499957 0.5841868329175455 0.06584581838861112 0.14666098428423419
0 0.5980445357161106 0.6159912586819432 0.06352090539458359 0.18089043507002261
0 0.5301115000969092 0.6448932005763913 0.06755378875333343 0.15298375889134022
0 0.7909587343293397 0.6273226726595166 0.07591180262104195 0.17678513192686934
0 0.29459026776433966 0.7168258968140656 0.06417421561506957 0.14190070967712848
0 0.20687140900687434 0.7557556561196905 0.06061411094166687 0.19011988585581072