0 0.5803600612846556 0.2717015908870492 0.06302174593951478 0.3031566930324778
0 0.42948730803824453 0.33394598361996464 0.04732283360249454 0.208258781213767
0 0.5771571948077197 0.321111659523501 0.14325471671852164 0.3409115266718391
0 0.6159100032497061 0.3803592427038204 0.0580148717519414 0.1950891015172088
0 0.21482874432125243 0.4302622295370787 0.08240694561520341 0.2516897878817268
0 0.823849188314898 0.40083188405960996 0.04800467207625303 0.24732128121376692
0 0.4545946278443167 0.4598389328613603 0.08070016964062106 0.33268469636645753
0 0.7134514306042602 0.46835383709402745 0.10318309577735932 0.27991038273097574
0 0.7643263636408572 0.5929235313344533 0.1110501428552599 0.2836731115191483
0 0.2715115722449994 0.6690379449893318 0.11927174593951495 0.3077483403073211
0 0.5772473291448582 0.7181939536141456 0.13919450811437956 0.3764663893989354