0 0.383968161705771 0.41561719244591105 0.07566358767505647 0.1520405348257091
0 0.5769304495474432 0.5267571675698247 0.06698210049533806 0.1999048247398008
0 0.170483550457066 0.4592499265033946 0.08747438296032675 0.17136374491161738
0 0.7607746025667618 0.59826143260783 0.06770553846084475 0.14850609905006032
0 0.385905189208361 0.525360684643995 0.08053517824559701 0.1897043091359686
0 0.5365023486378204 0.5708446822691459 0.05764133374611511 0.1666828889641522
0 0.8316093333363395 0.6748073224764932 0.08682371960192584 0.22432497060135786
0 0.7497236325505512 0.6673832468321813 0.0682535020669146 0.19373671189493055
0 0.41271593817490365 0.62231092774659 0.09532542431665565 0.2060662935321364
0 0.3300661040145039 0.6312931021022781 0.10800951488719619 0.24413950361804454
0 0.5251752427657989 0.6963393272261917 0.07857457195929066 0.2145405348257091
0 0.25798343466024704 0.7496878980092636 0.09572783870851378 0.24817190637700665