0 0.1953125 0.9651541809457986 0.06875 0.06969163810840265
0 0.61015625 0.5415452943560075 0.0796875 0.13466724715020834
0 0.471875 0.5734830125365281 0.046875 0.10734102773541672
0 0.5328125 0.5764638485925699 0.0640625 0.18586607123840296
0 0.5640625 0.5818787004161811 0.1015625 0.17892639342673605
0 0.28359375 0.6456632177992712 0.06875 0.1578501740119446
0 0.4921875 0.6239557912218754 0.0578125 0.17947060087368066
0 0.9234375 0.594930746387709 0.0734375 0.16889677678548623
0 0.75625 0.6683831641313895 0.0953125 0.1553434230620141
0 0.16875 0.7648651998475001 0.0765625 0.19865701196784719
0 0.50625 0.7578768495425005 0.071875 0.22198540919430557
0 0.30390625 0.8133234964846183 0.084375 0.21758884992375016
0 0.78359375 0.8752695969770492 0.1 0.20857752583555572